0.00000000 0.00000000 1.00000000 0.00000000
0.10000000 0.00000000 0.99311974 0.00688026
0.20000000 0.00000000 0.98311286 0.01688714
0.30000000 0.00000000 0.97356383 0.02643617
0.40000000 0.00000000 0.96459124 0.03540876
0.50000000 0.00000000 0.95638454 0.04361546
0.60000000 0.00000000 0.94915304 0.05084696
0.70000000 0.00000000 0.94262427 0.05737573
0.80000000 0.00000000 0.93702314 0.06297686
0.90000000 0.00000000 0.93246801 0.06753199
1.00000000 0.00000000 0.92921011 0.07078989
1.10000000 0.00000000 0.92728385 0.07271615
1.20000000 0.00000000 0.92660945 0.07339055
1.30000000 0.00000000 0.92708417 0.07291583
1.40000000 0.00000000 0.92864715 0.07135285
1.50000000 0.00000000 0.93107696 0.06892304
1.60000000 0.00000000 0.93427166 0.06572834
1.70000000 0.00000000 0.93812491 0.06187509
1.80000000 0.00000000 0.94220555 0.05779445
1.90000000 0.00000000 0.94651190 0.05348810
2.00000000 0.00000000 0.95079484 0.04920516
2.10000000 0.00000000 0.95482070 0.04517930
2.20000000 0.00000000 0.95847060 0.04152940
2.30000000 0.00000000 0.96177239 0.03822761
2.40000000 0.00000000 0.96461010 0.03538990
2.50000000 0.00000000 0.96686947 0.03313053
2.60000000 0.00000000 0.96841878 0.03158122
2.70000000 0.00000000 0.96927246 0.03072754
2.80000000 0.00000000 0.96931965 0.03068035
2.90000000 0.00000000 0.96860037 0.03139963
3.00000000 0.00000000 0.96719242 0.03280758
3.10000000 0.00000000 0.96527336 0.03472664
3.20000000 0.00000000 0.96282780 0.03717220
3.30000000 0.00000000 0.96008436 0.03991564
3.40000000 0.00000000 0.95702778 0.04297222
3.50000000 0.00000000 0.95379060 0.04620940
3.60000000 0.00000000 0.95065860 0.04934140
3.70000000 0.00000000 0.94765493 0.05234507
3.80000000 0.00000000 0.94488319 0.05511681
3.90000000 0.00000000 0.94223784 0.05776216
4.00000000 0.00000000 0.93978574 0.06021426
4.10000000 0.00000000 0.93792309 0.06207691
4.20000000 0.00000000 0.93688592 0.06311408
4.30000000 0.00000000 0.93655556 0.06344444
4.40000000 0.00000000 0.93686204 0.06313796
4.50000000 0.00000000 0.93797835 0.06202165
4.60000000 0.00000000 0.93967315 0.06032685
4.70000000 0.00000000 0.94176005 0.05823995
4.80000000 0.00000000 0.94417124 0.05582876
4.90000000 0.00000000 0.94678600 0.05321400
5.00000000 0.00000000 0.94942995 0.05057005
5.10000000 0.00000000 0.95202134 0.04797866
5.20000000 0.00000000 0.95459526 0.04540474
5.30000000 0.00000000 0.95709515 0.04290485
5.40000000 0.00000000 0.95943867 0.04056133
5.50000000 0.00000000 0.96128158 0.03871842
5.60000000 0.00000000 0.96263871 0.03736129
5.70000000 0.00000000 0.96354255 0.03645745
5.80000000 0.00000000 0.96400978 0.03599022
5.90000000 0.00000000 0.96390945 0.03609055
6.00000000 0.00000000 0.96322191 0.03677809
6.10000000 0.00000000 0.96210438 0.03789562
6.20000000 0.00000000 0.96063117 0.03936883
6.30000000 0.00000000 0.95895111 0.04104889
6.40000000 0.00000000 0.95697283 0.04302717
6.50000000 0.00000000 0.95476193 0.04523807
6.60000000 0.00000000 0.95246745 0.04753255
6.70000000 0.00000000 0.95019734 0.04980266
6.80000000 0.00000000 0.94807410 0.05192590
6.90000000 0.00000000 0.94618317 0.05381683
7.00000000 0.00000000 0.94457175 0.05542825
7.10000000 0.00000000 0.94323620 0.05676380
7.20000000 0.00000000 0.94215463 0.05784537
7.30000000 0.00000000 0.94148509 0.05851491
7.40000000 0.00000000 0.94121902 0.05878098
7.50000000 0.00000000 0.94129046 0.05870954
7.60000000 0.00000000 0.94188541 0.05811459
7.70000000 0.00000000 0.94295630 0.05704370
7.80000000 0.00000000 0.94447068 0.05552932
7.90000000 0.00000000 0.94622282 0.05377718
8.00000000 0.00000000 0.94809785 0.05190215
8.10000000 0.00000000 0.95002880 0.04997120
8.20000000 0.00000000 0.95194786 0.04805214
8.30000000 0.00000000 0.95379768 0.04620232
8.40000000 0.00000000 0.95552935 0.04447065
8.50000000 0.00000000 0.95712607 0.04287393
8.60000000 0.00000000 0.95841828 0.04158172
8.70000000 0.00000000 0.95945846 0.04054154
8.80000000 0.00000000 0.96017546 0.03982454
8.90000000 0.00000000 0.96044544 0.03955456
9.00000000 0.00000000 0.96034906 0.03965094
9.10000000 0.00000000 0.96017589 0.03982411
9.20000000 0.00000000 0.95970212 0.04029788
9.30000000 0.00000000 0.95885518 0.04114482
9.40000000 0.00000000 0.95755808 0.04244192
9.50000000 0.00000000 0.95599112 0.04400888
9.60000000 0.00000000 0.95451665 0.04548335
9.70000000 0.00000000 0.95294135 0.04705865
9.80000000 0.00000000 0.95135357 0.04864643
9.90000000 0.00000000 0.94985710 0.05014290
10.00000000 0.00000000 0.94828615 0.05171385
10.10000000 0.00000000 0.94693593 0.05306407
10.20000000 0.00000000 0.94584490 0.05415510
10.30000000 0.00000000 0.94485789 0.05514211
10.40000000 0.00000000 0.94412121 0.05587879
10.50000000 0.00000000 0.94363010 0.05636990
10.60000000 0.00000000 0.94361088 0.05638912
10.70000000 0.00000000 0.94382255 0.05617745
10.80000000 0.00000000 0.94441314 0.05558686
10.90000000 0.00000000 0.94515985 0.05484015
11.00000000 0.00000000 0.94618392 0.05381608
11.10000000 0.00000000 0.94746741 0.05253259
11.20000000 0.00000000 0.94907891 0.05092109
11.30000000 0.00000000 0.95081588 0.04918412
11.40000000 0.00000000 0.95245637 0.04754363
11.50000000 0.00000000 0.95397987 0.04602013
11.60000000 0.00000000 0.95547389 0.04452611
11.70000000 0.00000000 0.95679480 0.04320520
11.80000000 0.00000000 0.95779087 0.04220913
11.90000000 0.00000000 0.95844494 0.04155506
12.00000000 0.00000000 0.95887397 0.04112603
12.10000000 0.00000000 0.95907354 0.04092646
12.20000000 0.00000000 0.95907388 0.04092612
12.30000000 0.00000000 0.95870555 0.04129445
12.40000000 0.00000000 0.95805069 0.04194931
12.50000000 0.00000000 0.95730234 0.04269766
12.60000000 0.00000000 0.95633963 0.04366037
12.70000000 0.00000000 0.95517334 0.04482666
12.80000000 0.00000000 0.95377156 0.04622844
12.90000000 0.00000000 0.95221879 0.04778121
13.00000000 0.00000000 0.95073591 0.04926409
13.10000000 0.00000000 0.94927403 0.05072597
13.20000000 0.00000000 0.94795303 0.05204697
13.30000000 0.00000000 0.94685166 0.05314834
13.40000000 0.00000000 0.94597526 0.05402474
13.50000000 0.00000000 0.94527921 0.05472079
13.60000000 0.00000000 0.94484647 0.05515353
13.70000000 0.00000000 0.94458157 0.05541843
13.80000000 0.00000000 0.94463740 0.05536260
13.90000000 0.00000000 0.94515793 0.05484207
14.00000000 0.00000000 0.94585996 0.05414004
14.10000000 0.00000000 0.94678650 0.05321350
14.20000000 0.00000000 0.94785702 0.05214298
14.30000000 0.00000000 0.94897487 0.05102513
14.40000000 0.00000000 0.95017511 0.04982489
14.50000000 0.00000000 0.95146557 0.04853443
14.60000000 0.00000000 0.95275632 0.04724368
14.70000000 0.00000000 0.95404731 0.04595269
14.80000000 0.00000000 0.95527099 0.04472901
14.90000000 0.00000000 0.95640938 0.04359062
15.00000000 0.00000000 0.95733124 0.04266876
15.10000000 0.00000000 0.95803565 0.04196435
15.20000000 0.00000000 0.95848259 0.04151741
15.30000000 0.00000000 0.95851681 0.04148319
15.40000000 0.00000000 0.95816382 0.04183618
15.50000000 0.00000000 0.95759602 0.04240398
15.60000000 0.00000000 0.95681816 0.04318184
15.70000000 0.00000000 0.95593850 0.04406150
15.80000000 0.00000000 0.95494727 0.04505273
15.90000000 0.00000000 0.95392634 0.04607366
16.00000000 0.00000000 0.95295206 0.04704794
16.10000000 0.00000000 0.95190086 0.04809914
16.20000000 0.00000000 0.95071911 0.04928089
16.30000000 0.00000000 0.94949714 0.05050286
16.40000000 0.00000000 0.94832042 0.05167958
16.50000000 0.00000000 0.94722142 0.05277858
16.60000000 0.00000000 0.94631781 0.05368219
16.70000000 0.00000000 0.94558173 0.05441827
16.80000000 0.00000000 0.94512291 0.05487709
16.90000000 0.00000000 0.94496043 0.05503957
17.00000000 0.00000000 0.94508537 0.05491463
17.10000000 0.00000000 0.94546528 0.05453472
17.20000000 0.00000000 0.94618415 0.05381585
17.30000000 0.00000000 0.94720962 0.05279038
17.40000000 0.00000000 0.94849870 0.05150130
17.50000000 0.00000000 0.94999645 0.05000355
17.60000000 0.00000000 0.95137214 0.04862786
17.70000000 0.00000000 0.95267296 0.04732704
17.80000000 0.00000000 0.95386666 0.04613334
17.90000000 0.00000000 0.95490022 0.04509978
18.00000000 0.00000000 0.95566520 0.04433480
18.10000000 0.00000000 0.95626896 0.04373104
18.20000000 0.00000000 0.95680009 0.04319991
18.30000000 0.00000000 0.95724730 0.04275270
18.40000000 0.00000000 0.95752794 0.04247206
18.50000000 0.00000000 0.95756495 0.04243505
18.60000000 0.00000000 0.95740319 0.04259681
18.70000000 0.00000000 0.95700774 0.04299226
18.80000000 0.00000000 0.95632374 0.04367626
18.90000000 0.00000000 0.95548645 0.04451355
19.00000000 0.00000000 0.95458279 0.04541721
19.10000000 0.00000000 0.95359000 0.04641000
19.20000000 0.00000000 0.95254084 0.04745916
19.30000000 0.00000000 0.95143365 0.04856635
19.40000000 0.00000000 0.95021698 0.04978302
19.50000000 0.00000000 0.94897719 0.05102281
19.60000000 0.00000000 0.94774218 0.05225782
19.70000000 0.00000000 0.94664843 0.05335157
19.80000000 0.00000000 0.94590504 0.05409496
19.90000000 0.00000000 0.94545142 0.05454858
20.00000000 0.00000000 0.94527953 0.05472047
20.10000000 0.00000000 0.94546637 0.05453363
20.20000000 0.00000000 0.94590174 0.05409826
20.30000000 0.00000000 0.94652995 0.05347005
20.40000000 0.00000000 0.94734797 0.05265203
20.50000000 0.00000000 0.94827469 0.05172531
20.60000000 0.00000000 0.94928925 0.05071075
20.70000000 0.00000000 0.95044074 0.04955926
20.80000000 0.00000000 0.95169004 0.04830996
20.90000000 0.00000000 0.95300091 0.04699909
21.00000000 0.00000000 0.95408789 0.04591211
21.10000000 0.00000000 0.95516266 0.04483734
21.20000000 0.00000000 0.95608291 0.04391709
21.30000000 0.00000000 0.95663391 0.04336609
21.40000000 0.00000000 0.95702655 0.04297345
21.50000000 0.00000000 0.95734464 0.04265536
21.60000000 0.00000000 0.95742507 0.04257493
21.70000000 0.00000000 0.95731761 0.04268239
21.80000000 0.00000000 0.95708117 0.04291883
21.90000000 0.00000000 0.95659323 0.04340677
22.00000000 0.00000000 0.95582867 0.04417133
22.10000000 0.00000000 0.95482367 0.04517633
22.20000000 0.00000000 0.95380757 0.04619243
22.30000000 0.00000000 0.95266438 0.04733562
22.40000000 0.00000000 0.95150252 0.04849748
22.50000000 0.00000000 0.95030784 0.04969216
22.60000000 0.00000000 0.94927133 0.05072867
22.70000000 0.00000000 0.94819438 0.05180562
22.80000000 0.00000000 0.94719907 0.05280093
22.90000000 0.00000000 0.94652491 0.05347509
23.00000000 0.00000000 0.94611226 0.05388774
23.10000000 0.00000000 0.94585389 0.05414611
23.20000000 0.00000000 0.94578448 0.05421552
23.30000000 0.00000000 0.94601203 0.05398797
23.40000000 0.00000000 0.94642580 0.05357420
23.50000000 0.00000000 0.94706373 0.05293627
23.60000000 0.00000000 0.94784778 0.05215222
23.70000000 0.00000000 0.94875526 0.05124474
23.80000000 0.00000000 0.94981650 0.05018350
23.90000000 0.00000000 0.95114087 0.04885913
24.00000000 0.00000000 0.95248424 0.04751576
24.10000000 0.00000000 0.95378124 0.04621876
24.20000000 0.00000000 0.95497752 0.04502248
24.30000000 0.00000000 0.95589070 0.04410930
24.40000000 0.00000000 0.95655150 0.04344850
24.50000000 0.00000000 0.95713663 0.04286337
24.60000000 0.00000000 0.95754200 0.04245800
24.70000000 0.00000000 0.95760794 0.04239206
24.80000000 0.00000000 0.95741287 0.04258713
24.90000000 0.00000000 0.95712068 0.04287932
25.00000000 0.00000000 0.95671440 0.04328560
25.10000000 0.00000000 0.95595235 0.04404765
25.20000000 0.00000000 0.95502566 0.04497434
25.30000000 0.00000000 0.95386694 0.04613306
25.40000000 0.00000000 0.95256240 0.04743760
25.50000000 0.00000000 0.95128462 0.04871538
25.60000000 0.00000000 0.95006867 0.04993133
25.70000000 0.00000000 0.94886502 0.05113498
25.80000000 0.00000000 0.94777309 0.05222691
25.90000000 0.00000000 0.94695953 0.05304047
26.00000000 0.00000000 0.94638579 0.05361421
26.10000000 0.00000000 0.94611182 0.05388818
26.20000000 0.00000000 0.94602804 0.05397196
26.30000000 0.00000000 0.94604917 0.05395083
26.40000000 0.00000000 0.94635012 0.05364988
26.50000000 0.00000000 0.94696532 0.05303468
26.60000000 0.00000000 0.94781374 0.05218626
26.70000000 0.00000000 0.94878735 0.05121265
26.80000000 0.00000000 0.94981417 0.05018583
26.90000000 0.00000000 0.95082752 0.04917248
27.00000000 0.00000000 0.95179416 0.04820584
27.10000000 0.00000000 0.95274313 0.04725687
27.20000000 0.00000000 0.95367240 0.04632760
27.30000000 0.00000000 0.95464289 0.04535711
27.40000000 0.00000000 0.95548703 0.04451297
27.50000000 0.00000000 0.95605523 0.04394477
27.60000000 0.00000000 0.95635266 0.04364734
27.70000000 0.00000000 0.95657538 0.04342462
27.80000000 0.00000000 0.95662722 0.04337278
27.90000000 0.00000000 0.95645094 0.04354906
28.00000000 0.00000000 0.95612520 0.04387480
28.10000000 0.00000000 0.95562513 0.04437487
28.20000000 0.00000000 0.95495326 0.04504674
28.30000000 0.00000000 0.95405388 0.04594612
28.40000000 0.00000000 0.95299794 0.04700206
28.50000000 0.00000000 0.95203921 0.04796079
28.60000000 0.00000000 0.95123271 0.04876729
28.70000000 0.00000000 0.95049132 0.04950868
28.80000000 0.00000000 0.94970840 0.05029160
28.90000000 0.00000000 0.94905077 0.05094923
29.00000000 0.00000000 0.94845943 0.05154057
29.10000000 0.00000000 0.94803702 0.05196298
29.20000000 0.00000000 0.94779664 0.05220336
29.30000000 0.00000000 0.94777414 0.05222586
29.40000000 0.00000000 0.94795578 0.05204422
29.50000000 0.00000000 0.94813969 0.05186031
29.60000000 0.00000000 0.94824268 0.05175732
29.70000000 0.00000000 0.94837636 0.05162364
29.80000000 0.00000000 0.94858990 0.05141010
29.90000000 0.00000000 0.94885676 0.05114324
30.00000000 0.00000000 0.94933430 0.05066570
30.10000000 0.00000000 0.94993182 0.05006818
30.20000000 0.00000000 0.95076524 0.04923476
30.30000000 0.00000000 0.95183875 0.04816125
30.40000000 0.00000000 0.95287369 0.04712631
30.50000000 0.00000000 0.95392826 0.04607174
30.60000000 0.00000000 0.95487784 0.04512216
30.70000000 0.00000000 0.95557563 0.04442437
30.80000000 0.00000000 0.95608988 0.04391012
30.90000000 0.00000000 0.95649740 0.04350260
31.00000000 0.00000000 0.95662339 0.04337661
31.10000000 0.00000000 0.95654603 0.04345397
31.20000000 0.00000000 0.95628917 0.04371083
31.30000000 0.00000000 0.95581279 0.04418721
31.40000000 0.00000000 0.95512604 0.04487396
31.50000000 0.00000000 0.95434244 0.04565756
31.60000000 0.00000000 0.95347291 0.04652709
31.70000000 0.00000000 0.95253094 0.04746906
31.80000000 0.00000000 0.95158639 0.04841361
31.90000000 0.00000000 0.95064500 0.04935500
32.00000000 0.00000000 0.94955375 0.05044625
32.10000000 0.00000000 0.94860869 0.05139131
32.20000000 0.00000000 0.94802528 0.05197472
32.30000000 0.00000000 0.94747900 0.05252100
32.40000000 0.00000000 0.94695908 0.05304092
32.50000000 0.00000000 0.94677681 0.05322319
32.60000000 0.00000000 0.94691091 0.05308909
32.70000000 0.00000000 0.94730578 0.05269422
32.80000000 0.00000000 0.94778453 0.05221547
32.90000000 0.00000000 0.94828823 0.05171177
33.00000000 0.00000000 0.94892178 0.05107822
33.10000000 0.00000000 0.94965348 0.05034652
33.20000000 0.00000000 0.95047180 0.04952820
33.30000000 0.00000000 0.95136231 0.04863769
33.40000000 0.00000000 0.95231710 0.04768290
33.50000000 0.00000000 0.95321507 0.04678493
33.60000000 0.00000000 0.95396598 0.04603402
33.70000000 0.00000000 0.95467394 0.04532606
33.80000000 0.00000000 0.95531728 0.04468272
33.90000000 0.00000000 0.95574731 0.04425269
34.00000000 0.00000000 0.95590579 0.04409421
34.10000000 0.00000000 0.95585795 0.04414205
34.20000000 0.00000000 0.95578593 0.04421407
34.30000000 0.00000000 0.95570450 0.04429550
34.40000000 0.00000000 0.95540850 0.04459150
34.50000000 0.00000000 0.95489101 0.04510899
34.60000000 0.00000000 0.95426548 0.04573452
34.70000000 0.00000000 0.95366983 0.04633017
34.80000000 0.00000000 0.95308415 0.04691585
34.90000000 0.00000000 0.95238101 0.04761899
35.00000000 0.00000000 0.95154928 0.04845072
35.10000000 0.00000000 0.95063902 0.04936098
35.20000000 0.00000000 0.94974357 0.05025643
35.30000000 0.00000000 0.94889785 0.05110215
35.40000000 0.00000000 0.94808564 0.05191436
35.50000000 0.00000000 0.94749832 0.05250168
35.60000000 0.00000000 0.94714401 0.05285599
35.70000000 0.00000000 0.94684980 0.05315020
35.80000000 0.00000000 0.94680530 0.05319470
35.90000000 0.00000000 0.94705166 0.05294834
36.00000000 0.00000000 0.94757308 0.05242692
36.10000000 0.00000000 0.94820796 0.05179204
36.20000000 0.00000000 0.94885681 0.05114319
36.30000000 0.00000000 0.94960918 0.05039082
36.40000000 0.00000000 0.95059136 0.04940864
36.50000000 0.00000000 0.95150897 0.04849103
36.60000000 0.00000000 0.95248012 0.04751988
36.70000000 0.00000000 0.95358465 0.04641535
36.80000000 0.00000000 0.95461663 0.04538337
36.90000000 0.00000000 0.95542337 0.04457663
37.00000000 0.00000000 0.95597961 0.04402039
37.10000000 0.00000000 0.95623498 0.04376502
37.20000000 0.00000000 0.95643515 0.04356485
37.30000000 0.00000000 0.95662966 0.04337034
37.40000000 0.00000000 0.95669967 0.04330033
37.50000000 0.00000000 0.95638483 0.04361517
37.60000000 0.00000000 0.95577983 0.04422017
37.70000000 0.00000000 0.95502827 0.04497173
37.80000000 0.00000000 0.95414456 0.04585544
37.90000000 0.00000000 0.95329499 0.04670501
38.00000000 0.00000000 0.95233223 0.04766777
38.10000000 0.00000000 0.95133369 0.04866631
38.20000000 0.00000000 0.95014644 0.04985356
38.30000000 0.00000000 0.94900124 0.05099876
38.40000000 0.00000000 0.94796605 0.05203395
38.50000000 0.00000000 0.94710872 0.05289128
38.60000000 0.00000000 0.94645826 0.05354174
38.70000000 0.00000000 0.94618103 0.05381897
38.80000000 0.00000000 0.94621585 0.05378415
38.90000000 0.00000000 0.94642307 0.05357693
39.00000000 0.00000000 0.94677757 0.05322243
39.10000000 0.00000000 0.94745997 0.05254003
39.20000000 0.00000000 0.94834298 0.05165702
39.30000000 0.00000000 0.94944253 0.05055747
39.40000000 0.00000000 0.95065637 0.04934363
39.50000000 0.00000000 0.95187088 0.04812912
39.60000000 0.00000000 0.95294157 0.04705843
39.70000000 0.00000000 0.95377125 0.04622875
39.80000000 0.00000000 0.95448991 0.04551009
39.90000000 0.00000000 0.95513159 0.04486841
40.00000000 0.00000000 0.95568948 0.04431052
40.10000000 0.00000000 0.95610562 0.04389438
40.20000000 0.00000000 0.95636194 0.04363806
40.30000000 0.00000000 0.95639729 0.04360271
40.40000000 0.00000000 0.95615665 0.04384335
40.50000000 0.00000000 0.95578322 0.04421678
40.60000000 0.00000000 0.95531053 0.04468947
40.70000000 0.00000000 0.95464526 0.04535474
40.80000000 0.00000000 0.95388940 0.04611060
40.90000000 0.00000000 0.95312448 0.04687552
41.00000000 0.00000000 0.95226302 0.04773698
41.10000000 0.00000000 0.95129008 0.04870992
41.20000000 0.00000000 0.95035501 0.04964499
41.30000000 0.00000000 0.94963266 0.05036734
41.40000000 0.00000000 0.94891380 0.05108620
41.50000000 0.00000000 0.94820364 0.05179636
41.60000000 0.00000000 0.94769796 0.05230204
41.70000000 0.00000000 0.94743505 0.05256495
41.80000000 0.00000000 0.94728338 0.05271662
41.90000000 0.00000000 0.94742738 0.05257262
42.00000000 0.00000000 0.94784714 0.05215286
42.10000000 0.00000000 0.94835966 0.05164034
42.20000000 0.00000000 0.94887429 0.05112571
42.30000000 0.00000000 0.94943941 0.05056059
42.40000000 0.00000000 0.95009114 0.04990886
42.50000000 0.00000000 0.95090565 0.04909435
42.60000000 0.00000000 0.95175331 0.04824669
42.70000000 0.00000000 0.95251238 0.04748762
42.80000000 0.00000000 0.95316283 0.04683717
42.90000000 0.00000000 0.95378296 0.04621704
43.00000000 0.00000000 0.95442166 0.04557834
43.10000000 0.00000000 0.95490913 0.04509087
43.20000000 0.00000000 0.95514097 0.04485903
43.30000000 0.00000000 0.95530417 0.04469583
43.40000000 0.00000000 0.95553489 0.04446511
43.50000000 0.00000000 0.95555901 0.04444099
43.60000000 0.00000000 0.95542155 0.04457845
43.70000000 0.00000000 0.95499379 0.04500621
43.80000000 0.00000000 0.95440663 0.04559337
43.90000000 0.00000000 0.95366010 0.04633990
44.00000000 0.00000000 0.95273273 0.04726727
44.10000000 0.00000000 0.95189083 0.04810917
44.20000000 0.00000000 0.95107191 0.04892809
44.30000000 0.00000000 0.95038708 0.04961292
44.40000000 0.00000000 0.94978009 0.05021991
44.50000000 0.00000000 0.94928619 0.05071381
44.60000000 0.00000000 0.94893542 0.05106458
44.70000000 0.00000000 0.94879239 0.05120761
44.80000000 0.00000000 0.94856503 0.05143497
44.90000000 0.00000000 0.94835988 0.05164012
45.00000000 0.00000000 0.94829806 0.05170194
45.10000000 0.00000000 0.94848433 0.05151567
45.20000000 0.00000000 0.94872526 0.05127474
45.30000000 0.00000000 0.94904652 0.05095348
45.40000000 0.00000000 0.94964017 0.05035983
45.50000000 0.00000000 0.95044067 0.04955933
45.60000000 0.00000000 0.95115831 0.04884169
45.70000000 0.00000000 0.95184034 0.04815966
45.80000000 0.00000000 0.95239719 0.04760281
45.90000000 0.00000000 0.95296785 0.04703215
46.00000000 0.00000000 0.95348706 0.04651294
46.10000000 0.00000000 0.95388619 0.04611381
46.20000000 0.00000000 0.95415892 0.04584108
46.30000000 0.00000000 0.95437872 0.04562128
46.40000000 0.00000000 0.95453991 0.04546009
46.50000000 0.00000000 0.95453548 0.04546452
46.60000000 0.00000000 0.95448197 0.04551803
46.70000000 0.00000000 0.95432669 0.04567331
46.80000000 0.00000000 0.95411778 0.04588222
46.90000000 0.00000000 0.95376087 0.04623913
47.00000000 0.00000000 0.95334127 0.04665873
47.10000000 0.00000000 0.95276179 0.04723821
47.20000000 0.00000000 0.95201766 0.04798234
47.30000000 0.00000000 0.95137875 0.04862125
47.40000000 0.00000000 0.95096304 0.04903696
47.50000000 0.00000000 0.95058983 0.04941017
47.60000000 0.00000000 0.95020832 0.04979168
47.70000000 0.00000000 0.94974845 0.05025155
47.80000000 0.00000000 0.94935255 0.05064745
47.90000000 0.00000000 0.94907787 0.05092213
48.00000000 0.00000000 0.94901843 0.05098157
48.10000000 0.00000000 0.94916262 0.05083738
48.20000000 0.00000000 0.94943213 0.05056787
48.30000000 0.00000000 0.94968712 0.05031288
48.40000000 0.00000000 0.94998857 0.05001143
48.50000000 0.00000000 0.95048445 0.04951555
48.60000000 0.00000000 0.95106281 0.04893719
48.70000000 0.00000000 0.95151152 0.04848848
48.80000000 0.00000000 0.95179867 0.04820133
48.90000000 0.00000000 0.95190611 0.04809389
49.00000000 0.00000000 0.95193440 0.04806560
49.10000000 0.00000000 0.95200721 0.04799279
49.20000000 0.00000000 0.95202963 0.04797037
49.30000000 0.00000000 0.95218830 0.04781170
49.40000000 0.00000000 0.95251764 0.04748236
49.50000000 0.00000000 0.95296486 0.04703514
49.60000000 0.00000000 0.95351046 0.04648954
49.70000000 0.00000000 0.95392468 0.04607532
49.80000000 0.00000000 0.95404023 0.04595977
49.90000000 0.00000000 0.95404125 0.04595875
50.00000000 0.00000000 0.95400539 0.04599461
