0.00000000 0.00000000 1.00000000 0.00000000
0.10000000 0.00000000 0.99750315 0.00249685
0.20000000 0.00000000 0.99497914 0.00502086
0.30000000 0.00000000 0.99254102 0.00745898
0.40000000 0.00000000 0.99011695 0.00988305
0.50000000 0.00000000 0.98768479 0.01231521
0.60000000 0.00000000 0.98528641 0.01471359
0.70000000 0.00000000 0.98332204 0.01667796
0.80000000 0.00000000 0.98177677 0.01822323
0.90000000 0.00000000 0.98087577 0.01912423
1.00000000 0.00000000 0.98042154 0.01957846
1.10000000 0.00000000 0.98017265 0.01982735
1.20000000 0.00000000 0.98023948 0.01976052
1.30000000 0.00000000 0.98068299 0.01931701
1.40000000 0.00000000 0.98137029 0.01862971
1.50000000 0.00000000 0.98209840 0.01790160
1.60000000 0.00000000 0.98278981 0.01721019
1.70000000 0.00000000 0.98361572 0.01638428
1.80000000 0.00000000 0.98466864 0.01533136
1.90000000 0.00000000 0.98573108 0.01426892
2.00000000 0.00000000 0.98653650 0.01346350
2.10000000 0.00000000 0.98728734 0.01271266
2.20000000 0.00000000 0.98808105 0.01191895
2.30000000 0.00000000 0.98895961 0.01104039
2.40000000 0.00000000 0.98963575 0.01036425
2.50000000 0.00000000 0.99027277 0.00972723
2.60000000 0.00000000 0.99070394 0.00929606
2.70000000 0.00000000 0.99083904 0.00916096
2.80000000 0.00000000 0.99090167 0.00909833
2.90000000 0.00000000 0.99064781 0.00935219
3.00000000 0.00000000 0.99011589 0.00988411
3.10000000 0.00000000 0.98933952 0.01066048
3.20000000 0.00000000 0.98858812 0.01141188
3.30000000 0.00000000 0.98775579 0.01224421
3.40000000 0.00000000 0.98706989 0.01293011
3.50000000 0.00000000 0.98663863 0.01336137
3.60000000 0.00000000 0.98626880 0.01373120
3.70000000 0.00000000 0.98589307 0.01410693
3.80000000 0.00000000 0.98541586 0.01458414
3.90000000 0.00000000 0.98500815 0.01499185
4.00000000 0.00000000 0.98471850 0.01528150
4.10000000 0.00000000 0.98439634 0.01560366
4.20000000 0.00000000 0.98408333 0.01591667
4.30000000 0.00000000 0.98390561 0.01609439
4.40000000 0.00000000 0.98376824 0.01623176
4.50000000 0.00000000 0.98357158 0.01642842
4.60000000 0.00000000 0.98344421 0.01655579
4.70000000 0.00000000 0.98362026 0.01637974
4.80000000 0.00000000 0.98400262 0.01599738
4.90000000 0.00000000 0.98454474 0.01545526
5.00000000 0.00000000 0.98524659 0.01475341
5.10000000 0.00000000 0.98613276 0.01386724
5.20000000 0.00000000 0.98690975 0.01309025
5.30000000 0.00000000 0.98768111 0.01231889
5.40000000 0.00000000 0.98815962 0.01184038
5.50000000 0.00000000 0.98851129 0.01148871
5.60000000 0.00000000 0.98884889 0.01115111
5.70000000 0.00000000 0.98916844 0.01083156
5.80000000 0.00000000 0.98941438 0.01058562
5.90000000 0.00000000 0.98933446 0.01066554
6.00000000 0.00000000 0.98910292 0.01089708
6.10000000 0.00000000 0.98881031 0.01118969
6.20000000 0.00000000 0.98845387 0.01154613
6.30000000 0.00000000 0.98809699 0.01190301
6.40000000 0.00000000 0.98777354 0.01222646
6.50000000 0.00000000 0.98754443 0.01245557
6.60000000 0.00000000 0.98726907 0.01273093
6.70000000 0.00000000 0.98685025 0.01314975
6.80000000 0.00000000 0.98644101 0.01355899
6.90000000 0.00000000 0.98617589 0.01382411
7.00000000 0.00000000 0.98588919 0.01411081
7.10000000 0.00000000 0.98544189 0.01455811
7.20000000 0.00000000 0.98507256 0.01492744
7.30000000 0.00000000 0.98459860 0.01540140
7.40000000 0.00000000 0.98420787 0.01579213
7.50000000 0.00000000 0.98421016 0.01578984
7.60000000 0.00000000 0.98432584 0.01567416
7.70000000 0.00000000 0.98448142 0.01551858
7.80000000 0.00000000 0.98470751 0.01529249
7.90000000 0.00000000 0.98505901 0.01494099
8.00000000 0.00000000 0.98545815 0.01454185
8.10000000 0.00000000 0.98587924 0.01412076
8.20000000 0.00000000 0.98633758 0.01366242
8.30000000 0.00000000 0.98659131 0.01340869
8.40000000 0.00000000 0.98667656 0.01332344
8.50000000 0.00000000 0.98679878 0.01320122
8.60000000 0.00000000 0.98679028 0.01320972
8.70000000 0.00000000 0.98691025 0.01308975
8.80000000 0.00000000 0.98712207 0.01287793
8.90000000 0.00000000 0.98734609 0.01265391
9.00000000 0.00000000 0.98752604 0.01247396
9.10000000 0.00000000 0.98787753 0.01212247
9.20000000 0.00000000 0.98811555 0.01188445
9.30000000 0.00000000 0.98839607 0.01160393
9.40000000 0.00000000 0.98874869 0.01125131
9.50000000 0.00000000 0.98911269 0.01088731
9.60000000 0.00000000 0.98930302 0.01069698
9.70000000 0.00000000 0.98914180 0.01085820
9.80000000 0.00000000 0.98872525 0.01127475
9.90000000 0.00000000 0.98821499 0.01178501
10.00000000 0.00000000 0.98754305 0.01245695
10.10000000 0.00000000 0.98690771 0.01309229
10.20000000 0.00000000 0.98627684 0.01372316
10.30000000 0.00000000 0.98558997 0.01441003
10.40000000 0.00000000 0.98506686 0.01493314
10.50000000 0.00000000 0.98462873 0.01537127
10.60000000 0.00000000 0.98414214 0.01585786
10.70000000 0.00000000 0.98364949 0.01635051
10.80000000 0.00000000 0.98340451 0.01659549
10.90000000 0.00000000 0.98322645 0.01677355
11.00000000 0.00000000 0.98327011 0.01672989
11.10000000 0.00000000 0.98340410 0.01659590
11.20000000 0.00000000 0.98391626 0.01608374
11.30000000 0.00000000 0.98462673 0.01537327
11.40000000 0.00000000 0.98550969 0.01449031
11.50000000 0.00000000 0.98635312 0.01364688
11.60000000 0.00000000 0.98698163 0.01301837
11.70000000 0.00000000 0.98756306 0.01243694
11.80000000 0.00000000 0.98800087 0.01199913
11.90000000 0.00000000 0.98841880 0.01158120
12.00000000 0.00000000 0.98872489 0.01127511
12.10000000 0.00000000 0.98892035 0.01107965
12.20000000 0.00000000 0.98912362 0.01087638
12.30000000 0.00000000 0.98922100 0.01077900
12.40000000 0.00000000 0.98928742 0.01071258
12.50000000 0.00000000 0.98943527 0.01056473
12.60000000 0.00000000 0.98937824 0.01062176
12.70000000 0.00000000 0.98916098 0.01083902
12.80000000 0.00000000 0.98883094 0.01116906
12.90000000 0.00000000 0.98823263 0.01176737
13.00000000 0.00000000 0.98759707 0.01240293
13.10000000 0.00000000 0.98692010 0.01307990
13.20000000 0.00000000 0.98612719 0.01387281
13.30000000 0.00000000 0.98525341 0.01474659
13.40000000 0.00000000 0.98443718 0.01556282
13.50000000 0.00000000 0.98383297 0.01616703
13.60000000 0.00000000 0.98348238 0.01651762
13.70000000 0.00000000 0.98336040 0.01663960
13.80000000 0.00000000 0.98348855 0.01651145
13.90000000 0.00000000 0.98371298 0.01628702
14.00000000 0.00000000 0.98401356 0.01598644
14.10000000 0.00000000 0.98437337 0.01562663
14.20000000 0.00000000 0.98472012 0.01527988
14.30000000 0.00000000 0.98493694 0.01506306
14.40000000 0.00000000 0.98532233 0.01467767
14.50000000 0.00000000 0.98599242 0.01400758
14.60000000 0.00000000 0.98664763 0.01335237
14.70000000 0.00000000 0.98695281 0.01304719
14.80000000 0.00000000 0.98720770 0.01279230
14.90000000 0.00000000 0.98771360 0.01228640
15.00000000 0.00000000 0.98828583 0.01171417
15.10000000 0.00000000 0.98868705 0.01131295
15.20000000 0.00000000 0.98910154 0.01089846
15.30000000 0.00000000 0.98949124 0.01050876
15.40000000 0.00000000 0.98974714 0.01025286
15.50000000 0.00000000 0.98978462 0.01021538
15.60000000 0.00000000 0.98963656 0.01036344
15.70000000 0.00000000 0.98928492 0.01071508
15.80000000 0.00000000 0.98860257 0.01139743
15.90000000 0.00000000 0.98790888 0.01209112
16.00000000 0.00000000 0.98729398 0.01270602
16.10000000 0.00000000 0.98652805 0.01347195
16.20000000 0.00000000 0.98565427 0.01434573
16.30000000 0.00000000 0.98489710 0.01510290
16.40000000 0.00000000 0.98446931 0.01553069
16.50000000 0.00000000 0.98429145 0.01570855
16.60000000 0.00000000 0.98421889 0.01578111
16.70000000 0.00000000 0.98414095 0.01585905
16.80000000 0.00000000 0.98410531 0.01589469
16.90000000 0.00000000 0.98408033 0.01591967
17.00000000 0.00000000 0.98415075 0.01584925
17.10000000 0.00000000 0.98447608 0.01552392
17.20000000 0.00000000 0.98497255 0.01502745
17.30000000 0.00000000 0.98552250 0.01447750
17.40000000 0.00000000 0.98598874 0.01401126
17.50000000 0.00000000 0.98644705 0.01355295
17.60000000 0.00000000 0.98689719 0.01310281
17.70000000 0.00000000 0.98711444 0.01288556
17.80000000 0.00000000 0.98731505 0.01268495
17.90000000 0.00000000 0.98743846 0.01256154
18.00000000 0.00000000 0.98767529 0.01232471
18.10000000 0.00000000 0.98797943 0.01202057
18.20000000 0.00000000 0.98834761 0.01165239
18.30000000 0.00000000 0.98865291 0.01134709
18.40000000 0.00000000 0.98862766 0.01137234
18.50000000 0.00000000 0.98835147 0.01164853
18.60000000 0.00000000 0.98792236 0.01207764
18.70000000 0.00000000 0.98769887 0.01230113
18.80000000 0.00000000 0.98740404 0.01259596
18.90000000 0.00000000 0.98731498 0.01268502
19.00000000 0.00000000 0.98725917 0.01274083
19.10000000 0.00000000 0.98708482 0.01291518
19.20000000 0.00000000 0.98695258 0.01304742
19.30000000 0.00000000 0.98680680 0.01319320
19.40000000 0.00000000 0.98636760 0.01363240
19.50000000 0.00000000 0.98601882 0.01398118
19.60000000 0.00000000 0.98584149 0.01415851
19.70000000 0.00000000 0.98580631 0.01419369
19.80000000 0.00000000 0.98562397 0.01437603
19.90000000 0.00000000 0.98519937 0.01480063
20.00000000 0.00000000 0.98494967 0.01505033
20.10000000 0.00000000 0.98486956 0.01513044
20.20000000 0.00000000 0.98477425 0.01522575
20.30000000 0.00000000 0.98459628 0.01540372
20.40000000 0.00000000 0.98474000 0.01526000
20.50000000 0.00000000 0.98482302 0.01517698
20.60000000 0.00000000 0.98505417 0.01494583
20.70000000 0.00000000 0.98543967 0.01456033
20.80000000 0.00000000 0.98622957 0.01377043
20.90000000 0.00000000 0.98683550 0.01316450
21.00000000 0.00000000 0.98745251 0.01254749
21.10000000 0.00000000 0.98779937 0.01220063
21.20000000 0.00000000 0.98798356 0.01201644
21.30000000 0.00000000 0.98800044 0.01199956
21.40000000 0.00000000 0.98804512 0.01195488
21.50000000 0.00000000 0.98805003 0.01194997
21.60000000 0.00000000 0.98801242 0.01198758
21.70000000 0.00000000 0.98800205 0.01199795
21.80000000 0.00000000 0.98810775 0.01189225
21.90000000 0.00000000 0.98811923 0.01188077
22.00000000 0.00000000 0.98805790 0.01194210
22.10000000 0.00000000 0.98789092 0.01210908
22.20000000 0.00000000 0.98759605 0.01240395
22.30000000 0.00000000 0.98725045 0.01274955
22.40000000 0.00000000 0.98697193 0.01302807
22.50000000 0.00000000 0.98662837 0.01337163
22.60000000 0.00000000 0.98623938 0.01376062
22.70000000 0.00000000 0.98600366 0.01399634
22.80000000 0.00000000 0.98574033 0.01425967
22.90000000 0.00000000 0.98531192 0.01468808
23.00000000 0.00000000 0.98485788 0.01514212
23.10000000 0.00000000 0.98448901 0.01551099
23.20000000 0.00000000 0.98439604 0.01560396
23.30000000 0.00000000 0.98448641 0.01551359
23.40000000 0.00000000 0.98471210 0.01528790
23.50000000 0.00000000 0.98500591 0.01499409
23.60000000 0.00000000 0.98543850 0.01456150
23.70000000 0.00000000 0.98574080 0.01425920
23.80000000 0.00000000 0.98601164 0.01398836
23.90000000 0.00000000 0.98622465 0.01377535
24.00000000 0.00000000 0.98641591 0.01358409
24.10000000 0.00000000 0.98672629 0.01327371
24.20000000 0.00000000 0.98717813 0.01282187
24.30000000 0.00000000 0.98742332 0.01257668
24.40000000 0.00000000 0.98772049 0.01227951
24.50000000 0.00000000 0.98801012 0.01198988
24.60000000 0.00000000 0.98834884 0.01165116
24.70000000 0.00000000 0.98848327 0.01151673
24.80000000 0.00000000 0.98840935 0.01159065
24.90000000 0.00000000 0.98821674 0.01178326
25.00000000 0.00000000 0.98803155 0.01196845
25.10000000 0.00000000 0.98777444 0.01222556
25.20000000 0.00000000 0.98741629 0.01258371
25.30000000 0.00000000 0.98714500 0.01285500
25.40000000 0.00000000 0.98695600 0.01304400
25.50000000 0.00000000 0.98682009 0.01317991
25.60000000 0.00000000 0.98660372 0.01339628
25.70000000 0.00000000 0.98622278 0.01377722
25.80000000 0.00000000 0.98589652 0.01410348
25.90000000 0.00000000 0.98565091 0.01434909
26.00000000 0.00000000 0.98552328 0.01447672
26.10000000 0.00000000 0.98549392 0.01450608
26.20000000 0.00000000 0.98540341 0.01459659
26.30000000 0.00000000 0.98539192 0.01460808
26.40000000 0.00000000 0.98533427 0.01466573
26.50000000 0.00000000 0.98535751 0.01464249
26.60000000 0.00000000 0.98543150 0.01456850
26.70000000 0.00000000 0.98551350 0.01448650
26.80000000 0.00000000 0.98556043 0.01443957
26.90000000 0.00000000 0.98563017 0.01436983
27.00000000 0.00000000 0.98570156 0.01429844
27.10000000 0.00000000 0.98593695 0.01406305
27.20000000 0.00000000 0.98634174 0.01365826
27.30000000 0.00000000 0.98661778 0.01338222
27.40000000 0.00000000 0.98688172 0.01311828
27.50000000 0.00000000 0.98700805 0.01299195
27.60000000 0.00000000 0.98716418 0.01283582
27.70000000 0.00000000 0.98751612 0.01248388
27.80000000 0.00000000 0.98789864 0.01210136
27.90000000 0.00000000 0.98821465 0.01178535
28.00000000 0.00000000 0.98833185 0.01166815
28.10000000 0.00000000 0.98830004 0.01169996
28.20000000 0.00000000 0.98823258 0.01176742
28.30000000 0.00000000 0.98806020 0.01193980
28.40000000 0.00000000 0.98774955 0.01225045
28.50000000 0.00000000 0.98743026 0.01256974
28.60000000 0.00000000 0.98731970 0.01268030
28.70000000 0.00000000 0.98706781 0.01293219
28.80000000 0.00000000 0.98673577 0.01326423
28.90000000 0.00000000 0.98632134 0.01367866
29.00000000 0.00000000 0.98584664 0.01415336
29.10000000 0.00000000 0.98562420 0.01437580
29.20000000 0.00000000 0.98543983 0.01456017
29.30000000 0.00000000 0.98537297 0.01462703
29.40000000 0.00000000 0.98520887 0.01479113
29.50000000 0.00000000 0.98512512 0.01487488
29.60000000 0.00000000 0.98516866 0.01483134
29.70000000 0.00000000 0.98547625 0.01452375
29.80000000 0.00000000 0.98560319 0.01439681
29.90000000 0.00000000 0.98571214 0.01428786
30.00000000 0.00000000 0.98570190 0.01429810
30.10000000 0.00000000 0.98551230 0.01448770
30.20000000 0.00000000 0.98539751 0.01460249
30.30000000 0.00000000 0.98559237 0.01440763
30.40000000 0.00000000 0.98593417 0.01406583
30.50000000 0.00000000 0.98639904 0.01360096
30.60000000 0.00000000 0.98695657 0.01304343
30.70000000 0.00000000 0.98748991 0.01251009
30.80000000 0.00000000 0.98765440 0.01234560
30.90000000 0.00000000 0.98770154 0.01229846
31.00000000 0.00000000 0.98783329 0.01216671
31.10000000 0.00000000 0.98798025 0.01201975
31.20000000 0.00000000 0.98806295 0.01193705
31.30000000 0.00000000 0.98799068 0.01200932
31.40000000 0.00000000 0.98802048 0.01197952
31.50000000 0.00000000 0.98796294 0.01203706
31.60000000 0.00000000 0.98791131 0.01208869
31.70000000 0.00000000 0.98772879 0.01227121
31.80000000 0.00000000 0.98769241 0.01230759
31.90000000 0.00000000 0.98756524 0.01243476
32.00000000 0.00000000 0.98738322 0.01261678
32.10000000 0.00000000 0.98710145 0.01289855
32.20000000 0.00000000 0.98672447 0.01327553
32.30000000 0.00000000 0.98629918 0.01370082
32.40000000 0.00000000 0.98581067 0.01418933
32.50000000 0.00000000 0.98522875 0.01477125
32.60000000 0.00000000 0.98463110 0.01536890
32.70000000 0.00000000 0.98421675 0.01578325
32.80000000 0.00000000 0.98403111 0.01596889
32.90000000 0.00000000 0.98402148 0.01597852
33.00000000 0.00000000 0.98399856 0.01600144
33.10000000 0.00000000 0.98400255 0.01599745
33.20000000 0.00000000 0.98437714 0.01562286
33.30000000 0.00000000 0.98501338 0.01498662
33.40000000 0.00000000 0.98563110 0.01436890
33.50000000 0.00000000 0.98626976 0.01373024
33.60000000 0.00000000 0.98691717 0.01308283
33.70000000 0.00000000 0.98753900 0.01246100
33.80000000 0.00000000 0.98805557 0.01194443
33.90000000 0.00000000 0.98853623 0.01146377
34.00000000 0.00000000 0.98884897 0.01115103
34.10000000 0.00000000 0.98891809 0.01108191
34.20000000 0.00000000 0.98887029 0.01112971
34.30000000 0.00000000 0.98893079 0.01106921
34.40000000 0.00000000 0.98871604 0.01128396
34.50000000 0.00000000 0.98831198 0.01168802
34.60000000 0.00000000 0.98799975 0.01200025
34.70000000 0.00000000 0.98770464 0.01229536
34.80000000 0.00000000 0.98736042 0.01263958
34.90000000 0.00000000 0.98703253 0.01296747
35.00000000 0.00000000 0.98672152 0.01327848
35.10000000 0.00000000 0.98654065 0.01345935
35.20000000 0.00000000 0.98623209 0.01376791
35.30000000 0.00000000 0.98583289 0.01416711
35.40000000 0.00000000 0.98545312 0.01454688
35.50000000 0.00000000 0.98504649 0.01495351
35.60000000 0.00000000 0.98476612 0.01523388
35.70000000 0.00000000 0.98458252 0.01541748
35.80000000 0.00000000 0.98460520 0.01539480
35.90000000 0.00000000 0.98476730 0.01523270
36.00000000 0.00000000 0.98483212 0.01516788
36.10000000 0.00000000 0.98493167 0.01506833
36.20000000 0.00000000 0.98503916 0.01496084
36.30000000 0.00000000 0.98530102 0.01469898
36.40000000 0.00000000 0.98574348 0.01425652
36.50000000 0.00000000 0.98618617 0.01381383
36.60000000 0.00000000 0.98650238 0.01349762
36.70000000 0.00000000 0.98661846 0.01338154
36.80000000 0.00000000 0.98675943 0.01324057
36.90000000 0.00000000 0.98705086 0.01294914
37.00000000 0.00000000 0.98735356 0.01264644
37.10000000 0.00000000 0.98753777 0.01246223
37.20000000 0.00000000 0.98790031 0.01209969
37.30000000 0.00000000 0.98835736 0.01164264
37.40000000 0.00000000 0.98878117 0.01121883
37.50000000 0.00000000 0.98914182 0.01085818
37.60000000 0.00000000 0.98940548 0.01059452
37.70000000 0.00000000 0.98948261 0.01051739
37.80000000 0.00000000 0.98906126 0.01093874
37.90000000 0.00000000 0.98845330 0.01154670
38.00000000 0.00000000 0.98784229 0.01215771
38.10000000 0.00000000 0.98707806 0.01292194
38.20000000 0.00000000 0.98615392 0.01384608
38.30000000 0.00000000 0.98528864 0.01471136
38.40000000 0.00000000 0.98472870 0.01527130
38.50000000 0.00000000 0.98436676 0.01563324
38.60000000 0.00000000 0.98407459 0.01592541
38.70000000 0.00000000 0.98399281 0.01600719
38.80000000 0.00000000 0.98412795 0.01587205
38.90000000 0.00000000 0.98429836 0.01570164
39.00000000 0.00000000 0.98459340 0.01540660
39.10000000 0.00000000 0.98496985 0.01503015
39.20000000 0.00000000 0.98537417 0.01462583
39.30000000 0.00000000 0.98594980 0.01405020
39.40000000 0.00000000 0.98638047 0.01361953
39.50000000 0.00000000 0.98663282 0.01336718
39.60000000 0.00000000 0.98678319 0.01321681
39.70000000 0.00000000 0.98679310 0.01320690
39.80000000 0.00000000 0.98685044 0.01314956
39.90000000 0.00000000 0.98690047 0.01309953
40.00000000 0.00000000 0.98712445 0.01287555
40.10000000 0.00000000 0.98738468 0.01261532
40.20000000 0.00000000 0.98773566 0.01226434
40.30000000 0.00000000 0.98817536 0.01182464
40.40000000 0.00000000 0.98843142 0.01156858
40.50000000 0.00000000 0.98864068 0.01135932
40.60000000 0.00000000 0.98854339 0.01145661
40.70000000 0.00000000 0.98814823 0.01185177
40.80000000 0.00000000 0.98780241 0.01219759
40.90000000 0.00000000 0.98751263 0.01248737
41.00000000 0.00000000 0.98720241 0.01279759
41.10000000 0.00000000 0.98681637 0.01318363
41.20000000 0.00000000 0.98655696 0.01344304
41.30000000 0.00000000 0.98641309 0.01358691
41.40000000 0.00000000 0.98621965 0.01378035
41.50000000 0.00000000 0.98605353 0.01394647
41.60000000 0.00000000 0.98595161 0.01404839
41.70000000 0.00000000 0.98580526 0.01419474
41.80000000 0.00000000 0.98562931 0.01437069
41.90000000 0.00000000 0.98538347 0.01461653
42.00000000 0.00000000 0.98522563 0.01477437
42.10000000 0.00000000 0.98506775 0.01493225
42.20000000 0.00000000 0.98503204 0.01496796
42.30000000 0.00000000 0.98497503 0.01502497
42.40000000 0.00000000 0.98503900 0.01496100
42.50000000 0.00000000 0.98522735 0.01477265
42.60000000 0.00000000 0.98554627 0.01445373
42.70000000 0.00000000 0.98585485 0.01414515
42.80000000 0.00000000 0.98620037 0.01379963
42.90000000 0.00000000 0.98649171 0.01350829
43.00000000 0.00000000 0.98654993 0.01345007
43.10000000 0.00000000 0.98654371 0.01345629
43.20000000 0.00000000 0.98668011 0.01331989
43.30000000 0.00000000 0.98697297 0.01302703
43.40000000 0.00000000 0.98752822 0.01247178
43.50000000 0.00000000 0.98807858 0.01192142
43.60000000 0.00000000 0.98862561 0.01137439
43.70000000 0.00000000 0.98917073 0.01082927
43.80000000 0.00000000 0.98930987 0.01069013
43.90000000 0.00000000 0.98920010 0.01079990
44.00000000 0.00000000 0.98890915 0.01109085
44.10000000 0.00000000 0.98851891 0.01148109
44.20000000 0.00000000 0.98795886 0.01204114
44.30000000 0.00000000 0.98727204 0.01272796
44.40000000 0.00000000 0.98665967 0.01334033
44.50000000 0.00000000 0.98615857 0.01384143
44.60000000 0.00000000 0.98573235 0.01426765
44.70000000 0.00000000 0.98529045 0.01470955
44.80000000 0.00000000 0.98494709 0.01505291
44.90000000 0.00000000 0.98472328 0.01527672
45.00000000 0.00000000 0.98459303 0.01540697
45.10000000 0.00000000 0.98446898 0.01553102
45.20000000 0.00000000 0.98438760 0.01561240
45.30000000 0.00000000 0.98439621 0.01560379
45.40000000 0.00000000 0.98442459 0.01557541
45.50000000 0.00000000 0.98460557 0.01539443
45.60000000 0.00000000 0.98514525 0.01485475
45.70000000 0.00000000 0.98568005 0.01431995
45.80000000 0.00000000 0.98597656 0.01402344
45.90000000 0.00000000 0.98628776 0.01371224
46.00000000 0.00000000 0.98670352 0.01329648
46.10000000 0.00000000 0.98717932 0.01282068
46.20000000 0.00000000 0.98771103 0.01228897
46.30000000 0.00000000 0.98807842 0.01192158
46.40000000 0.00000000 0.98850936 0.01149064
46.50000000 0.00000000 0.98868083 0.01131917
46.60000000 0.00000000 0.98885388 0.01114612
46.70000000 0.00000000 0.98873627 0.01126373
46.80000000 0.00000000 0.98853737 0.01146263
46.90000000 0.00000000 0.98829627 0.01170373
47.00000000 0.00000000 0.98795019 0.01204981
47.10000000 0.00000000 0.98776135 0.01223865
47.20000000 0.00000000 0.98751415 0.01248585
47.30000000 0.00000000 0.98707444 0.01292556
47.40000000 0.00000000 0.98663038 0.01336962
47.50000000 0.00000000 0.98628297 0.01371703
47.60000000 0.00000000 0.98595027 0.01404973
47.70000000 0.00000000 0.98550885 0.01449115
47.80000000 0.00000000 0.98530317 0.01469683
47.90000000 0.00000000 0.98526127 0.01473873
48.00000000 0.00000000 0.98531067 0.01468933
48.10000000 0.00000000 0.98520719 0.01479281
48.20000000 0.00000000 0.98513148 0.01486852
48.30000000 0.00000000 0.98507878 0.01492122
48.40000000 0.00000000 0.98509390 0.01490610
48.50000000 0.00000000 0.98510884 0.01489116
48.60000000 0.00000000 0.98516108 0.01483892
48.70000000 0.00000000 0.98533126 0.01466874
48.80000000 0.00000000 0.98566971 0.01433029
48.90000000 0.00000000 0.98604214 0.01395786
49.00000000 0.00000000 0.98636188 0.01363812
49.10000000 0.00000000 0.98656240 0.01343760
49.20000000 0.00000000 0.98681495 0.01318505
49.30000000 0.00000000 0.98709012 0.01290988
49.40000000 0.00000000 0.98735617 0.01264383
49.50000000 0.00000000 0.98765437 0.01234563
49.60000000 0.00000000 0.98790674 0.01209326
49.70000000 0.00000000 0.98822972 0.01177028
49.80000000 0.00000000 0.98842087 0.01157913
49.90000000 0.00000000 0.98851665 0.01148335
50.00000000 0.00000000 0.98852809 0.01147191
