0.00000000 0.00000000 1.00000000 0.00000000
0.10000000 0.00000000 0.99004172 0.00995828
0.20000000 0.00000000 0.96066397 0.03933603
0.30000000 0.00000000 0.91333122 0.08666878
0.40000000 0.00000000 0.85039675 0.14960325
0.50000000 0.00000000 0.77497671 0.22502329
0.60000000 0.00000000 0.69078458 0.30921542
0.70000000 0.00000000 0.60193534 0.39806466
0.80000000 0.00000000 0.51273109 0.48726891
0.90000000 0.00000000 0.42743996 0.57256004
1.00000000 0.00000000 0.35008082 0.64991918
1.10000000 0.00000000 0.28422549 0.71577451
1.20000000 0.00000000 0.23282851 0.76717149
1.30000000 0.00000000 0.19809316 0.80190684
1.40000000 0.00000000 0.18137962 0.81862038
1.50000000 0.00000000 0.18315861 0.81684139
1.60000000 0.00000000 0.20301160 0.79698840
1.70000000 0.00000000 0.23967539 0.76032461
1.80000000 0.00000000 0.29112730 0.70887270
1.90000000 0.00000000 0.35470452 0.64529548
2.00000000 0.00000000 0.42725033 0.57274967
2.10000000 0.00000000 0.50527842 0.49472158
2.20000000 0.00000000 0.58514649 0.41485351
2.30000000 0.00000000 0.66322997 0.33677003
2.40000000 0.00000000 0.73608769 0.26391231
2.50000000 0.00000000 0.80061192 0.19938808
2.60000000 0.00000000 0.85415660 0.14584340
2.70000000 0.00000000 0.89463901 0.10536099
2.80000000 0.00000000 0.92061161 0.07938839
2.90000000 0.00000000 0.93130261 0.06869739
3.00000000 0.00000000 0.92662501 0.07337499
3.10000000 0.00000000 0.90715566 0.09284434
3.20000000 0.00000000 0.87408672 0.12591328
3.30000000 0.00000000 0.82915321 0.17084679
3.40000000 0.00000000 0.77454097 0.22545903
3.50000000 0.00000000 0.71277985 0.28722015
3.60000000 0.00000000 0.64662732 0.35337268
3.70000000 0.00000000 0.57894752 0.42105248
3.80000000 0.00000000 0.51259088 0.48740912
3.90000000 0.00000000 0.45027898 0.54972102
4.00000000 0.00000000 0.39449868 0.60550132
4.10000000 0.00000000 0.34740927 0.65259073
4.20000000 0.00000000 0.31076552 0.68923448
4.30000000 0.00000000 0.28585882 0.71414118
4.40000000 0.00000000 0.27347799 0.72652201
4.50000000 0.00000000 0.27389041 0.72610959
4.60000000 0.00000000 0.28684366 0.71315634
4.70000000 0.00000000 0.31158690 0.68841310
4.80000000 0.00000000 0.34691079 0.65308921
4.90000000 0.00000000 0.39120409 0.60879591
5.00000000 0.00000000 0.44252449 0.55747551
5.10000000 0.00000000 0.49868089 0.50131911
5.20000000 0.00000000 0.55732386 0.44267614
5.30000000 0.00000000 0.61604087 0.38395913
5.40000000 0.00000000 0.67245267 0.32754733
5.50000000 0.00000000 0.72430701 0.27569299
5.60000000 0.00000000 0.76956637 0.23043363
5.70000000 0.00000000 0.80648621 0.19351379
5.80000000 0.00000000 0.83368076 0.16631924
5.90000000 0.00000000 0.85017395 0.14982605
6.00000000 0.00000000 0.85543351 0.14456649
6.10000000 0.00000000 0.84938699 0.15061301
6.20000000 0.00000000 0.83241927 0.16758073
6.30000000 0.00000000 0.80535171 0.19464829
6.40000000 0.00000000 0.76940405 0.23059595
6.50000000 0.00000000 0.72614059 0.27385941
6.60000000 0.00000000 0.67740320 0.32259680
6.70000000 0.00000000 0.62523369 0.37476631
6.80000000 0.00000000 0.57178913 0.42821087
6.90000000 0.00000000 0.51925336 0.48074664
7.00000000 0.00000000 0.46974844 0.53025156
7.10000000 0.00000000 0.42524950 0.57475050
7.20000000 0.00000000 0.38750659 0.61249341
7.30000000 0.00000000 0.35797638 0.64202362
7.40000000 0.00000000 0.33776646 0.66223354
7.50000000 0.00000000 0.32759441 0.67240559
7.60000000 0.00000000 0.32776297 0.67223703
7.70000000 0.00000000 0.33815236 0.66184764
7.80000000 0.00000000 0.35822967 0.64177033
7.90000000 0.00000000 0.38707498 0.61292502
8.00000000 0.00000000 0.42342279 0.57657721
8.10000000 0.00000000 0.46571716 0.53428284
8.20000000 0.00000000 0.51217799 0.48782201
8.30000000 0.00000000 0.56087573 0.43912427
8.40000000 0.00000000 0.60981138 0.39018862
8.50000000 0.00000000 0.65699849 0.34300151
8.60000000 0.00000000 0.70054369 0.29945631
8.70000000 0.00000000 0.73872253 0.26127747
8.80000000 0.00000000 0.77004758 0.22995242
8.90000000 0.00000000 0.79332602 0.20667398
9.00000000 0.00000000 0.80770454 0.19229546
9.10000000 0.00000000 0.81269989 0.18730011
9.20000000 0.00000000 0.80821387 0.19178613
9.30000000 0.00000000 0.79453257 0.20546743
9.40000000 0.00000000 0.77230998 0.22769002
9.50000000 0.00000000 0.74253688 0.25746312
9.60000000 0.00000000 0.70649659 0.29350341
9.70000000 0.00000000 0.66570944 0.33429056
9.80000000 0.00000000 0.62186856 0.37813144
9.90000000 0.00000000 0.57676951 0.42323049
10.00000000 0.00000000 0.53223695 0.46776305
10.10000000 0.00000000 0.49005109 0.50994891
10.20000000 0.00000000 0.45187708 0.54812292
10.30000000 0.00000000 0.41919995 0.58080005
10.40000000 0.00000000 0.39326774 0.60673226
10.50000000 0.00000000 0.37504489 0.62495511
10.60000000 0.00000000 0.36517756 0.63482244
10.70000000 0.00000000 0.36397207 0.63602793
10.80000000 0.00000000 0.37138708 0.62861292
10.90000000 0.00000000 0.38703966 0.61296034
11.00000000 0.00000000 0.41022463 0.58977537
11.10000000 0.00000000 0.43994627 0.56005373
11.20000000 0.00000000 0.47496105 0.52503895
11.30000000 0.00000000 0.51382929 0.48617071
11.40000000 0.00000000 0.55497384 0.44502616
11.50000000 0.00000000 0.59674328 0.40325672
11.60000000 0.00000000 0.63747723 0.36252277
11.70000000 0.00000000 0.67557115 0.32442885
11.80000000 0.00000000 0.70953834 0.29046166
11.90000000 0.00000000 0.73806667 0.26193333
12.00000000 0.00000000 0.76006823 0.23993177
12.10000000 0.00000000 0.77471978 0.22528022
12.20000000 0.00000000 0.78149299 0.21850701
12.30000000 0.00000000 0.78017299 0.21982701
12.40000000 0.00000000 0.77086497 0.22913503
12.50000000 0.00000000 0.75398844 0.24601156
12.60000000 0.00000000 0.73025931 0.26974069
12.70000000 0.00000000 0.70066072 0.29933928
12.80000000 0.00000000 0.66640337 0.33359663
12.90000000 0.00000000 0.62887711 0.37112289
13.00000000 0.00000000 0.58959546 0.41040454
13.10000000 0.00000000 0.55013520 0.44986480
13.20000000 0.00000000 0.51207351 0.48792649
13.30000000 0.00000000 0.47692490 0.52307510
13.40000000 0.00000000 0.44608074 0.55391926
13.50000000 0.00000000 0.42075369 0.57924631
13.60000000 0.00000000 0.40192941 0.59807059
13.70000000 0.00000000 0.39032753 0.60967247
13.80000000 0.00000000 0.38637355 0.61362645
13.90000000 0.00000000 0.39018291 0.60981709
14.00000000 0.00000000 0.40155774 0.59844226
14.10000000 0.00000000 0.41999656 0.58000344
14.20000000 0.00000000 0.44471637 0.55528363
14.30000000 0.00000000 0.47468615 0.52531385
14.40000000 0.00000000 0.50867028 0.49132972
14.50000000 0.00000000 0.54527996 0.45472004
14.60000000 0.00000000 0.58303043 0.41696957
14.70000000 0.00000000 0.62040154 0.37959846
14.80000000 0.00000000 0.65589910 0.34410090
14.90000000 0.00000000 0.68811466 0.31188534
15.00000000 0.00000000 0.71578106 0.28421894
15.10000000 0.00000000 0.73782192 0.26217808
15.20000000 0.00000000 0.75339283 0.24660717
15.30000000 0.00000000 0.76191312 0.23808688
15.40000000 0.00000000 0.76308675 0.23691325
15.50000000 0.00000000 0.75691188 0.24308812
15.60000000 0.00000000 0.74367880 0.25632120
15.70000000 0.00000000 0.72395644 0.27604356
15.80000000 0.00000000 0.69856802 0.30143198
15.90000000 0.00000000 0.66855706 0.33144294
16.00000000 0.00000000 0.63514483 0.36485517
16.10000000 0.00000000 0.59968123 0.40031877
16.20000000 0.00000000 0.56359079 0.43640921
16.30000000 0.00000000 0.52831599 0.47168401
16.40000000 0.00000000 0.49526012 0.50473988
16.50000000 0.00000000 0.46573187 0.53426813
16.60000000 0.00000000 0.44089371 0.55910629
16.70000000 0.00000000 0.42171635 0.57828365
16.80000000 0.00000000 0.40894071 0.59105929
16.90000000 0.00000000 0.40304922 0.59695078
17.00000000 0.00000000 0.40424733 0.59575267
17.10000000 0.00000000 0.41245620 0.58754380
17.20000000 0.00000000 0.42731661 0.57268339
17.30000000 0.00000000 0.44820416 0.55179584
17.40000000 0.00000000 0.47425507 0.52574493
17.50000000 0.00000000 0.50440152 0.49559848
17.60000000 0.00000000 0.53741512 0.46258488
17.70000000 0.00000000 0.57195689 0.42804311
17.80000000 0.00000000 0.60663150 0.39336850
17.90000000 0.00000000 0.64004383 0.35995617
18.00000000 0.00000000 0.67085537 0.32914463
18.10000000 0.00000000 0.69783818 0.30216182
18.20000000 0.00000000 0.71992432 0.28007568
18.30000000 0.00000000 0.73624858 0.26375142
18.40000000 0.00000000 0.74618274 0.25381726
18.50000000 0.00000000 0.74936010 0.25063990
18.60000000 0.00000000 0.74568916 0.25431084
18.70000000 0.00000000 0.73535582 0.26464418
18.80000000 0.00000000 0.71881429 0.28118571
18.90000000 0.00000000 0.69676696 0.30323304
19.00000000 0.00000000 0.67013417 0.32986583
19.10000000 0.00000000 0.64001523 0.35998477
19.20000000 0.00000000 0.60764248 0.39235752
19.30000000 0.00000000 0.57433029 0.42566971
19.40000000 0.00000000 0.54142110 0.45857890
19.50000000 0.00000000 0.51023109 0.48976891
19.60000000 0.00000000 0.48199728 0.51800272
19.70000000 0.00000000 0.45782867 0.54217133
19.80000000 0.00000000 0.43866296 0.56133704
19.90000000 0.00000000 0.42523076 0.57476924
20.00000000 0.00000000 0.41802847 0.58197153
20.10000000 0.00000000 0.41730081 0.58269919
20.20000000 0.00000000 0.42303354 0.57696646
20.30000000 0.00000000 0.43495641 0.56504359
20.40000000 0.00000000 0.45255610 0.54744390
20.50000000 0.00000000 0.47509862 0.52490138
20.60000000 0.00000000 0.50165991 0.49834009
20.70000000 0.00000000 0.53116363 0.46883637
20.80000000 0.00000000 0.56242450 0.43757550
20.90000000 0.00000000 0.59419540 0.40580460
21.00000000 0.00000000 0.62521663 0.37478337
21.10000000 0.00000000 0.65426522 0.34573478
21.20000000 0.00000000 0.68020248 0.31979752
21.30000000 0.00000000 0.70201810 0.29798190
21.40000000 0.00000000 0.71886894 0.28113106
21.50000000 0.00000000 0.73011116 0.26988884
21.60000000 0.00000000 0.73532448 0.26467552
21.70000000 0.00000000 0.73432765 0.26567235
21.80000000 0.00000000 0.72718458 0.27281542
21.90000000 0.00000000 0.71420087 0.28579913
22.00000000 0.00000000 0.69591104 0.30408896
22.10000000 0.00000000 0.67305688 0.32694312
22.20000000 0.00000000 0.64655785 0.35344215
22.30000000 0.00000000 0.61747465 0.38252535
22.40000000 0.00000000 0.58696741 0.41303259
22.50000000 0.00000000 0.55625008 0.44374992
22.60000000 0.00000000 0.52654279 0.47345721
22.70000000 0.00000000 0.49902396 0.50097604
22.80000000 0.00000000 0.47478393 0.52521607
22.90000000 0.00000000 0.45478200 0.54521800
23.00000000 0.00000000 0.43980839 0.56019161
23.10000000 0.00000000 0.43045271 0.56954729
23.20000000 0.00000000 0.42708013 0.57291987
23.30000000 0.00000000 0.42981633 0.57018367
23.40000000 0.00000000 0.43854192 0.56145808
23.50000000 0.00000000 0.45289657 0.54710343
23.60000000 0.00000000 0.47229298 0.52770702
23.70000000 0.00000000 0.49594023 0.50405977
23.80000000 0.00000000 0.52287553 0.47712447
23.90000000 0.00000000 0.55200337 0.44799663
24.00000000 0.00000000 0.58214042 0.41785958
24.10000000 0.00000000 0.61206422 0.38793578
24.20000000 0.00000000 0.64056376 0.35943624
24.30000000 0.00000000 0.66648956 0.33351044
24.40000000 0.00000000 0.68880125 0.31119875
24.50000000 0.00000000 0.70661031 0.29338969
24.60000000 0.00000000 0.71921622 0.28078378
24.70000000 0.00000000 0.72613444 0.27386556
24.80000000 0.00000000 0.72711499 0.27288501
24.90000000 0.00000000 0.72215095 0.27784905
25.00000000 0.00000000 0.71147665 0.28852335
25.10000000 0.00000000 0.69555582 0.30444418
25.20000000 0.00000000 0.67506040 0.32493960
25.30000000 0.00000000 0.65084113 0.34915887
25.40000000 0.00000000 0.62389136 0.37610864
25.50000000 0.00000000 0.59530567 0.40469433
25.60000000 0.00000000 0.56623521 0.43376479
25.70000000 0.00000000 0.53784150 0.46215850
25.80000000 0.00000000 0.51125054 0.48874946
25.90000000 0.00000000 0.48750902 0.51249098
26.00000000 0.00000000 0.46754408 0.53245592
26.10000000 0.00000000 0.45212817 0.54787183
26.20000000 0.00000000 0.44185005 0.55814995
26.30000000 0.00000000 0.43709302 0.56290698
26.40000000 0.00000000 0.43802102 0.56197898
26.50000000 0.00000000 0.44457312 0.55542688
26.60000000 0.00000000 0.45646656 0.54353344
26.70000000 0.00000000 0.47320826 0.52679174
26.80000000 0.00000000 0.49411452 0.50588548
26.90000000 0.00000000 0.51833813 0.48166187
27.00000000 0.00000000 0.54490199 0.45509801
27.10000000 0.00000000 0.57273801 0.42726199
27.20000000 0.00000000 0.60072985 0.39927015
27.30000000 0.00000000 0.62775770 0.37224230
27.40000000 0.00000000 0.65274340 0.34725660
27.50000000 0.00000000 0.67469397 0.32530603
27.60000000 0.00000000 0.69274178 0.30725822
27.70000000 0.00000000 0.70617946 0.29382054
27.80000000 0.00000000 0.71448826 0.28551174
27.90000000 0.00000000 0.71735848 0.28264152
28.00000000 0.00000000 0.71470116 0.28529884
28.10000000 0.00000000 0.70665058 0.29334942
28.20000000 0.00000000 0.69355746 0.30644254
28.30000000 0.00000000 0.67597330 0.32402670
28.40000000 0.00000000 0.65462655 0.34537345
28.50000000 0.00000000 0.63039177 0.36960823
28.60000000 0.00000000 0.60425310 0.39574690
28.70000000 0.00000000 0.57726375 0.42273625
28.80000000 0.00000000 0.55050313 0.44949687
28.90000000 0.00000000 0.52503337 0.47496663
29.00000000 0.00000000 0.50185724 0.49814276
29.10000000 0.00000000 0.48187880 0.51812120
29.20000000 0.00000000 0.46586858 0.53413142
29.30000000 0.00000000 0.45443440 0.54556560
29.40000000 0.00000000 0.44799906 0.55200094
29.50000000 0.00000000 0.44678544 0.55321456
29.60000000 0.00000000 0.45080975 0.54919025
29.70000000 0.00000000 0.45988278 0.54011722
29.80000000 0.00000000 0.47361921 0.52638079
29.90000000 0.00000000 0.49145431 0.50854569
30.00000000 0.00000000 0.51266751 0.48733249
30.10000000 0.00000000 0.53641149 0.46358851
30.20000000 0.00000000 0.56174593 0.43825407
30.30000000 0.00000000 0.58767442 0.41232558
30.40000000 0.00000000 0.61318301 0.38681699
30.50000000 0.00000000 0.63727912 0.36272088
30.60000000 0.00000000 0.65902926 0.34097074
30.70000000 0.00000000 0.67759414 0.32240586
30.80000000 0.00000000 0.69226011 0.30773989
30.90000000 0.00000000 0.70246566 0.29753434
31.00000000 0.00000000 0.70782223 0.29217777
31.10000000 0.00000000 0.70812852 0.29187148
31.20000000 0.00000000 0.70337796 0.29662204
31.30000000 0.00000000 0.69375898 0.30624102
31.40000000 0.00000000 0.67964816 0.32035184
31.50000000 0.00000000 0.66159632 0.33840368
31.60000000 0.00000000 0.64030821 0.35969179
31.70000000 0.00000000 0.61661614 0.38338386
31.80000000 0.00000000 0.59144873 0.40855127
31.90000000 0.00000000 0.56579553 0.43420447
32.00000000 0.00000000 0.54066898 0.45933102
32.10000000 0.00000000 0.51706493 0.48293507
32.20000000 0.00000000 0.49592332 0.50407668
32.30000000 0.00000000 0.47809044 0.52190956
32.40000000 0.00000000 0.46428453 0.53571547
32.50000000 0.00000000 0.45506589 0.54493411
32.60000000 0.00000000 0.45081318 0.54918682
32.70000000 0.00000000 0.45170675 0.54829325
32.80000000 0.00000000 0.45771998 0.54228002
32.90000000 0.00000000 0.46861911 0.53138089
33.00000000 0.00000000 0.48397170 0.51602830
33.10000000 0.00000000 0.50316335 0.49683665
33.20000000 0.00000000 0.52542229 0.47457771
33.30000000 0.00000000 0.54985053 0.45014947
33.40000000 0.00000000 0.57546048 0.42453952
33.50000000 0.00000000 0.60121542 0.39878458
33.60000000 0.00000000 0.62607204 0.37392796
33.70000000 0.00000000 0.64902336 0.35097664
33.80000000 0.00000000 0.66914002 0.33085998
33.90000000 0.00000000 0.68560851 0.31439149
34.00000000 0.00000000 0.69776435 0.30223565
34.10000000 0.00000000 0.70511929 0.29488071
34.20000000 0.00000000 0.70738110 0.29261890
34.30000000 0.00000000 0.70446533 0.29553467
34.40000000 0.00000000 0.69649853 0.30350147
34.50000000 0.00000000 0.68381281 0.31618719
34.60000000 0.00000000 0.66693203 0.33306797
34.70000000 0.00000000 0.64655009 0.35344991
34.80000000 0.00000000 0.62350227 0.37649773
34.90000000 0.00000000 0.59873083 0.40126917
35.00000000 0.00000000 0.57324611 0.42675389
35.10000000 0.00000000 0.54808498 0.45191502
35.20000000 0.00000000 0.52426810 0.47573190
35.30000000 0.00000000 0.50275798 0.49724202
35.40000000 0.00000000 0.48441952 0.51558048
35.50000000 0.00000000 0.46998469 0.53001531
35.60000000 0.00000000 0.46002288 0.53997712
35.70000000 0.00000000 0.45491818 0.54508182
35.80000000 0.00000000 0.45485451 0.54514549
35.90000000 0.00000000 0.45980925 0.54019075
36.00000000 0.00000000 0.46955555 0.53044445
36.10000000 0.00000000 0.48367312 0.51632688
36.20000000 0.00000000 0.50156706 0.49843294
36.30000000 0.00000000 0.52249369 0.47750631
36.40000000 0.00000000 0.54559234 0.45440766
36.50000000 0.00000000 0.56992147 0.43007853
36.60000000 0.00000000 0.59449771 0.40550229
36.70000000 0.00000000 0.61833599 0.38166401
36.80000000 0.00000000 0.64048926 0.35951074
36.90000000 0.00000000 0.66008588 0.33991412
37.00000000 0.00000000 0.67636358 0.32363642
37.10000000 0.00000000 0.68869837 0.31130163
37.20000000 0.00000000 0.69662763 0.30337237
37.30000000 0.00000000 0.69986638 0.30013362
37.40000000 0.00000000 0.69831649 0.30168351
37.50000000 0.00000000 0.69206841 0.30793159
37.60000000 0.00000000 0.68139569 0.31860431
37.70000000 0.00000000 0.66674260 0.33325740
37.80000000 0.00000000 0.64870538 0.35129462
37.90000000 0.00000000 0.62800805 0.37199195
38.00000000 0.00000000 0.60547370 0.39452630
38.10000000 0.00000000 0.58199231 0.41800769
38.20000000 0.00000000 0.55848644 0.44151356
38.30000000 0.00000000 0.53587593 0.46412407
38.40000000 0.00000000 0.51504284 0.48495716
38.50000000 0.00000000 0.49679804 0.50320196
38.60000000 0.00000000 0.48185043 0.51814957
38.70000000 0.00000000 0.47078000 0.52922000
38.80000000 0.00000000 0.46401565 0.53598435
38.90000000 0.00000000 0.46181860 0.53818140
39.00000000 0.00000000 0.46427201 0.53572799
39.10000000 0.00000000 0.47127732 0.52872268
39.20000000 0.00000000 0.48255737 0.51744263
39.30000000 0.00000000 0.49766653 0.50233347
39.40000000 0.00000000 0.51600735 0.48399265
39.50000000 0.00000000 0.53685330 0.46314670
39.60000000 0.00000000 0.55937683 0.44062317
39.70000000 0.00000000 0.58268176 0.41731824
39.80000000 0.00000000 0.60583872 0.39416128
39.90000000 0.00000000 0.62792232 0.37207768
40.00000000 0.00000000 0.64804846 0.35195154
40.10000000 0.00000000 0.66541034 0.33458966
40.20000000 0.00000000 0.67931153 0.32068847
40.30000000 0.00000000 0.68919469 0.31080531
40.40000000 0.00000000 0.69466466 0.30533534
40.50000000 0.00000000 0.69550493 0.30449507
40.60000000 0.00000000 0.69168660 0.30831340
40.70000000 0.00000000 0.68336958 0.31663042
40.80000000 0.00000000 0.67089588 0.32910412
40.90000000 0.00000000 0.65477529 0.34522471
41.00000000 0.00000000 0.63566414 0.36433586
41.10000000 0.00000000 0.61433809 0.38566191
41.20000000 0.00000000 0.59166011 0.40833989
41.30000000 0.00000000 0.56854502 0.43145498
41.40000000 0.00000000 0.54592229 0.45407771
41.50000000 0.00000000 0.52469835 0.47530165
41.60000000 0.00000000 0.50572023 0.49427977
41.70000000 0.00000000 0.48974177 0.51025823
41.80000000 0.00000000 0.47739391 0.52260609
41.90000000 0.00000000 0.46915996 0.53084004
42.00000000 0.00000000 0.46535701 0.53464299
42.10000000 0.00000000 0.46612390 0.53387610
42.20000000 0.00000000 0.47141640 0.52858360
42.30000000 0.00000000 0.48100960 0.51899040
42.40000000 0.00000000 0.49450740 0.50549260
42.50000000 0.00000000 0.51135886 0.48864114
42.60000000 0.00000000 0.53088049 0.46911951
42.70000000 0.00000000 0.55228397 0.44771603
42.80000000 0.00000000 0.57470790 0.42529210
42.90000000 0.00000000 0.59725250 0.40274750
43.00000000 0.00000000 0.61901577 0.38098423
43.10000000 0.00000000 0.63912978 0.36087022
43.20000000 0.00000000 0.65679547 0.34320453
43.30000000 0.00000000 0.67131457 0.32868543
43.40000000 0.00000000 0.68211737 0.31788263
43.50000000 0.00000000 0.68878517 0.31121483
43.60000000 0.00000000 0.69106644 0.30893356
43.70000000 0.00000000 0.68888619 0.31111381
43.80000000 0.00000000 0.68234805 0.31765195
43.90000000 0.00000000 0.67172917 0.32827083
44.00000000 0.00000000 0.65746813 0.34253187
44.10000000 0.00000000 0.64014652 0.35985348
44.20000000 0.00000000 0.62046492 0.37953508
44.30000000 0.00000000 0.59921440 0.40078560
44.40000000 0.00000000 0.57724464 0.42275536
44.50000000 0.00000000 0.55543002 0.44456998
44.60000000 0.00000000 0.53463509 0.46536491
44.70000000 0.00000000 0.51568053 0.48431947
44.80000000 0.00000000 0.49931117 0.50068883
44.90000000 0.00000000 0.48616710 0.51383290
45.00000000 0.00000000 0.47675894 0.52324106
45.10000000 0.00000000 0.47144830 0.52855170
45.20000000 0.00000000 0.47043406 0.52956594
45.30000000 0.00000000 0.47374492 0.52625508
45.40000000 0.00000000 0.48123872 0.51876128
45.50000000 0.00000000 0.49260834 0.50739166
45.60000000 0.00000000 0.50739408 0.49260592
45.70000000 0.00000000 0.52500202 0.47499798
45.80000000 0.00000000 0.54472769 0.45527231
45.90000000 0.00000000 0.56578411 0.43421589
46.00000000 0.00000000 0.58733307 0.41266693
46.10000000 0.00000000 0.60851840 0.39148160
46.20000000 0.00000000 0.62850002 0.37149998
46.30000000 0.00000000 0.64648725 0.35351275
46.40000000 0.00000000 0.66177006 0.33822994
46.50000000 0.00000000 0.67374716 0.32625284
46.60000000 0.00000000 0.68194959 0.31805041
46.70000000 0.00000000 0.68605913 0.31394087
46.80000000 0.00000000 0.68592058 0.31407942
46.90000000 0.00000000 0.68154765 0.31845235
47.00000000 0.00000000 0.67312210 0.32687790
47.10000000 0.00000000 0.66098632 0.33901368
47.20000000 0.00000000 0.64562955 0.35437045
47.30000000 0.00000000 0.62766828 0.37233172
47.40000000 0.00000000 0.60782174 0.39217826
47.50000000 0.00000000 0.58688320 0.41311680
47.60000000 0.00000000 0.56568837 0.43431163
47.70000000 0.00000000 0.54508207 0.45491793
47.80000000 0.00000000 0.52588441 0.47411559
47.90000000 0.00000000 0.50885797 0.49114203
48.00000000 0.00000000 0.49467719 0.50532281
48.10000000 0.00000000 0.48390128 0.51609872
48.20000000 0.00000000 0.47695179 0.52304821
48.30000000 0.00000000 0.47409586 0.52590414
48.40000000 0.00000000 0.47543571 0.52456429
48.50000000 0.00000000 0.48090508 0.51909492
48.60000000 0.00000000 0.49027253 0.50972747
48.70000000 0.00000000 0.50315161 0.49684839
48.80000000 0.00000000 0.51901733 0.48098267
48.90000000 0.00000000 0.53722823 0.46277177
49.00000000 0.00000000 0.55705298 0.44294702
49.10000000 0.00000000 0.57770037 0.42229963
49.20000000 0.00000000 0.59835130 0.40164870
49.30000000 0.00000000 0.61819147 0.38180853
49.40000000 0.00000000 0.63644338 0.36355662
49.50000000 0.00000000 0.65239632 0.34760368
49.60000000 0.00000000 0.66543337 0.33456663
49.70000000 0.00000000 0.67505431 0.32494569
49.80000000 0.00000000 0.68089378 0.31910622
49.90000000 0.00000000 0.68273419 0.31726581
50.00000000 0.00000000 0.68051296 0.31948704
