0.00000000 0.00000000 1.00000000 0.00000000
0.10000000 0.00000000 0.99553857 0.00446143
0.20000000 0.00000000 0.99031672 0.00968328
0.30000000 0.00000000 0.98556047 0.01443953
0.40000000 0.00000000 0.98110835 0.01889165
0.50000000 0.00000000 0.97691031 0.02308969
0.60000000 0.00000000 0.97315385 0.02684615
0.70000000 0.00000000 0.96972865 0.03027135
0.80000000 0.00000000 0.96667257 0.03332743
0.90000000 0.00000000 0.96403675 0.03596325
1.00000000 0.00000000 0.96202829 0.03797171
1.10000000 0.00000000 0.96072712 0.03927288
1.20000000 0.00000000 0.95992537 0.04007463
1.30000000 0.00000000 0.95996588 0.04003412
1.40000000 0.00000000 0.96066255 0.03933745
1.50000000 0.00000000 0.96177389 0.03822611
1.60000000 0.00000000 0.96303792 0.03696208
1.70000000 0.00000000 0.96499137 0.03500863
1.80000000 0.00000000 0.96726940 0.03273060
1.90000000 0.00000000 0.96961274 0.03038726
2.00000000 0.00000000 0.97222387 0.02777613
2.10000000 0.00000000 0.97504688 0.02495312
2.20000000 0.00000000 0.97774383 0.02225617
2.30000000 0.00000000 0.98016425 0.01983575
2.40000000 0.00000000 0.98182166 0.01817834
2.50000000 0.00000000 0.98277785 0.01722215
2.60000000 0.00000000 0.98361021 0.01638979
2.70000000 0.00000000 0.98419792 0.01580208
2.80000000 0.00000000 0.98428181 0.01571819
2.90000000 0.00000000 0.98388606 0.01611394
3.00000000 0.00000000 0.98301685 0.01698315
3.10000000 0.00000000 0.98166802 0.01833198
3.20000000 0.00000000 0.97973577 0.02026423
3.30000000 0.00000000 0.97783499 0.02216501
3.40000000 0.00000000 0.97579557 0.02420443
3.50000000 0.00000000 0.97381525 0.02618475
3.60000000 0.00000000 0.97210047 0.02789953
3.70000000 0.00000000 0.97081983 0.02918017
3.80000000 0.00000000 0.96965549 0.03034451
3.90000000 0.00000000 0.96855847 0.03144153
4.00000000 0.00000000 0.96756915 0.03243085
4.10000000 0.00000000 0.96693762 0.03306238
4.20000000 0.00000000 0.96653068 0.03346932
4.30000000 0.00000000 0.96630311 0.03369689
4.40000000 0.00000000 0.96630982 0.03369018
4.50000000 0.00000000 0.96668495 0.03331505
4.60000000 0.00000000 0.96737985 0.03262015
4.70000000 0.00000000 0.96819155 0.03180845
4.80000000 0.00000000 0.96904475 0.03095525
4.90000000 0.00000000 0.97040671 0.02959329
5.00000000 0.00000000 0.97199289 0.02800711
5.10000000 0.00000000 0.97376097 0.02623903
5.20000000 0.00000000 0.97543657 0.02456343
5.30000000 0.00000000 0.97680064 0.02319936
5.40000000 0.00000000 0.97777747 0.02222253
5.50000000 0.00000000 0.97851188 0.02148812
5.60000000 0.00000000 0.97904161 0.02095839
5.70000000 0.00000000 0.97952490 0.02047510
5.80000000 0.00000000 0.97971993 0.02028007
5.90000000 0.00000000 0.97981227 0.02018773
6.00000000 0.00000000 0.97984069 0.02015931
6.10000000 0.00000000 0.97933893 0.02066107
6.20000000 0.00000000 0.97843198 0.02156802
6.30000000 0.00000000 0.97752568 0.02247432
6.40000000 0.00000000 0.97662120 0.02337880
6.50000000 0.00000000 0.97581536 0.02418464
6.60000000 0.00000000 0.97477326 0.02522674
6.70000000 0.00000000 0.97356696 0.02643304
6.80000000 0.00000000 0.97265992 0.02734008
6.90000000 0.00000000 0.97198790 0.02801210
7.00000000 0.00000000 0.97128261 0.02871739
7.10000000 0.00000000 0.97060549 0.02939451
7.20000000 0.00000000 0.97016966 0.02983034
7.30000000 0.00000000 0.96962949 0.03037051
7.40000000 0.00000000 0.96942267 0.03057733
7.50000000 0.00000000 0.96914508 0.03085492
7.60000000 0.00000000 0.96905117 0.03094883
7.70000000 0.00000000 0.96872074 0.03127926
7.80000000 0.00000000 0.96843421 0.03156579
7.90000000 0.00000000 0.96850433 0.03149567
8.00000000 0.00000000 0.96901623 0.03098377
8.10000000 0.00000000 0.96986076 0.03013924
8.20000000 0.00000000 0.97108996 0.02891004
8.30000000 0.00000000 0.97238657 0.02761343
8.40000000 0.00000000 0.97371895 0.02628105
8.50000000 0.00000000 0.97512970 0.02487030
8.60000000 0.00000000 0.97626815 0.02373185
8.70000000 0.00000000 0.97741444 0.02258556
8.80000000 0.00000000 0.97841641 0.02158359
8.90000000 0.00000000 0.97912047 0.02087953
9.00000000 0.00000000 0.97964112 0.02035888
9.10000000 0.00000000 0.98003176 0.01996824
9.20000000 0.00000000 0.98039312 0.01960688
9.30000000 0.00000000 0.98039060 0.01960940
9.40000000 0.00000000 0.98002763 0.01997237
9.50000000 0.00000000 0.97931185 0.02068815
9.60000000 0.00000000 0.97818499 0.02181501
9.70000000 0.00000000 0.97684211 0.02315789
9.80000000 0.00000000 0.97520738 0.02479262
9.90000000 0.00000000 0.97347007 0.02652993
10.00000000 0.00000000 0.97192617 0.02807383
10.10000000 0.00000000 0.97044262 0.02955738
10.20000000 0.00000000 0.96927524 0.03072476
10.30000000 0.00000000 0.96836981 0.03163019
10.40000000 0.00000000 0.96780400 0.03219600
10.50000000 0.00000000 0.96748248 0.03251752
10.60000000 0.00000000 0.96738761 0.03261239
10.70000000 0.00000000 0.96749025 0.03250975
10.80000000 0.00000000 0.96784627 0.03215373
10.90000000 0.00000000 0.96839284 0.03160716
11.00000000 0.00000000 0.96910155 0.03089845
11.10000000 0.00000000 0.96994825 0.03005175
11.20000000 0.00000000 0.97082837 0.02917163
11.30000000 0.00000000 0.97183134 0.02816866
11.40000000 0.00000000 0.97320373 0.02679627
11.50000000 0.00000000 0.97462902 0.02537098
11.60000000 0.00000000 0.97607306 0.02392694
11.70000000 0.00000000 0.97743789 0.02256211
11.80000000 0.00000000 0.97843540 0.02156460
11.90000000 0.00000000 0.97913096 0.02086904
12.00000000 0.00000000 0.97985933 0.02014067
12.10000000 0.00000000 0.98039796 0.01960204
12.20000000 0.00000000 0.98064164 0.01935836
12.30000000 0.00000000 0.98030148 0.01969852
12.40000000 0.00000000 0.97948567 0.02051433
12.50000000 0.00000000 0.97854477 0.02145523
12.60000000 0.00000000 0.97751113 0.02248887
12.70000000 0.00000000 0.97630542 0.02369458
12.80000000 0.00000000 0.97509979 0.02490021
12.90000000 0.00000000 0.97389097 0.02610903
13.00000000 0.00000000 0.97269071 0.02730929
13.10000000 0.00000000 0.97178825 0.02821175
13.20000000 0.00000000 0.97086618 0.02913382
13.30000000 0.00000000 0.96983458 0.03016542
13.40000000 0.00000000 0.96879495 0.03120505
13.50000000 0.00000000 0.96812543 0.03187457
13.60000000 0.00000000 0.96778101 0.03221899
13.70000000 0.00000000 0.96759586 0.03240414
13.80000000 0.00000000 0.96750115 0.03249885
13.90000000 0.00000000 0.96783639 0.03216361
14.00000000 0.00000000 0.96852319 0.03147681
14.10000000 0.00000000 0.96945593 0.03054407
14.20000000 0.00000000 0.97057604 0.02942396
14.30000000 0.00000000 0.97169440 0.02830560
14.40000000 0.00000000 0.97295261 0.02704739
14.50000000 0.00000000 0.97423468 0.02576532
14.60000000 0.00000000 0.97566053 0.02433947
14.70000000 0.00000000 0.97707620 0.02292380
14.80000000 0.00000000 0.97824341 0.02175659
14.90000000 0.00000000 0.97906990 0.02093010
15.00000000 0.00000000 0.97965259 0.02034741
15.10000000 0.00000000 0.97991128 0.02008872
15.20000000 0.00000000 0.97996419 0.02003581
15.30000000 0.00000000 0.97970525 0.02029475
15.40000000 0.00000000 0.97940532 0.02059468
15.50000000 0.00000000 0.97862788 0.02137212
15.60000000 0.00000000 0.97731787 0.02268213
15.70000000 0.00000000 0.97590046 0.02409954
15.80000000 0.00000000 0.97462150 0.02537850
15.90000000 0.00000000 0.97363592 0.02636408
16.00000000 0.00000000 0.97253585 0.02746415
16.10000000 0.00000000 0.97161531 0.02838469
16.20000000 0.00000000 0.97073188 0.02926812
16.30000000 0.00000000 0.96997287 0.03002713
16.40000000 0.00000000 0.96930111 0.03069889
16.50000000 0.00000000 0.96888233 0.03111767
16.60000000 0.00000000 0.96879916 0.03120084
16.70000000 0.00000000 0.96885135 0.03114865
16.80000000 0.00000000 0.96918043 0.03081957
16.90000000 0.00000000 0.96966171 0.03033829
17.00000000 0.00000000 0.97003973 0.02996027
17.10000000 0.00000000 0.97070492 0.02929508
17.20000000 0.00000000 0.97141349 0.02858651
17.30000000 0.00000000 0.97235311 0.02764689
17.40000000 0.00000000 0.97343113 0.02656887
17.50000000 0.00000000 0.97426224 0.02573776
17.60000000 0.00000000 0.97516937 0.02483063
17.70000000 0.00000000 0.97582465 0.02417535
17.80000000 0.00000000 0.97639003 0.02360997
17.90000000 0.00000000 0.97693814 0.02306186
18.00000000 0.00000000 0.97725297 0.02274703
18.10000000 0.00000000 0.97732509 0.02267491
18.20000000 0.00000000 0.97754836 0.02245164
18.30000000 0.00000000 0.97787813 0.02212187
18.40000000 0.00000000 0.97782021 0.02217979
18.50000000 0.00000000 0.97748746 0.02251254
18.60000000 0.00000000 0.97688607 0.02311393
18.70000000 0.00000000 0.97605506 0.02394494
18.80000000 0.00000000 0.97513784 0.02486216
18.90000000 0.00000000 0.97459392 0.02540608
19.00000000 0.00000000 0.97407293 0.02592707
19.10000000 0.00000000 0.97357322 0.02642678
19.20000000 0.00000000 0.97313353 0.02686647
19.30000000 0.00000000 0.97269895 0.02730105
19.40000000 0.00000000 0.97202465 0.02797535
19.50000000 0.00000000 0.97122630 0.02877370
19.60000000 0.00000000 0.97047906 0.02952094
19.70000000 0.00000000 0.96974480 0.03025520
19.80000000 0.00000000 0.96932899 0.03067101
19.90000000 0.00000000 0.96922170 0.03077830
20.00000000 0.00000000 0.96947862 0.03052138
20.10000000 0.00000000 0.96985159 0.03014841
20.20000000 0.00000000 0.97050096 0.02949904
20.30000000 0.00000000 0.97154423 0.02845577
20.40000000 0.00000000 0.97253823 0.02746177
20.50000000 0.00000000 0.97332618 0.02667382
20.60000000 0.00000000 0.97384548 0.02615452
20.70000000 0.00000000 0.97447309 0.02552691
20.80000000 0.00000000 0.97503348 0.02496652
20.90000000 0.00000000 0.97576328 0.02423672
21.00000000 0.00000000 0.97631402 0.02368598
21.10000000 0.00000000 0.97706884 0.02293116
21.20000000 0.00000000 0.97755734 0.02244266
21.30000000 0.00000000 0.97784551 0.02215449
21.40000000 0.00000000 0.97756780 0.02243220
21.50000000 0.00000000 0.97723942 0.02276058
21.60000000 0.00000000 0.97691164 0.02308836
21.70000000 0.00000000 0.97644732 0.02355268
21.80000000 0.00000000 0.97599198 0.02400802
21.90000000 0.00000000 0.97534311 0.02465689
22.00000000 0.00000000 0.97473268 0.02526732
22.10000000 0.00000000 0.97371394 0.02628606
22.20000000 0.00000000 0.97305484 0.02694516
22.30000000 0.00000000 0.97239626 0.02760374
22.40000000 0.00000000 0.97176140 0.02823860
22.50000000 0.00000000 0.97130982 0.02869018
22.60000000 0.00000000 0.97121712 0.02878288
22.70000000 0.00000000 0.97103993 0.02896007
22.80000000 0.00000000 0.97060919 0.02939081
22.90000000 0.00000000 0.97049249 0.02950751
23.00000000 0.00000000 0.97067595 0.02932405
23.10000000 0.00000000 0.97109876 0.02890124
23.20000000 0.00000000 0.97148397 0.02851603
23.30000000 0.00000000 0.97213637 0.02786363
23.40000000 0.00000000 0.97284176 0.02715824
23.50000000 0.00000000 0.97317973 0.02682027
23.60000000 0.00000000 0.97345088 0.02654912
23.70000000 0.00000000 0.97357709 0.02642291
23.80000000 0.00000000 0.97375906 0.02624094
23.90000000 0.00000000 0.97399483 0.02600517
24.00000000 0.00000000 0.97424617 0.02575383
24.10000000 0.00000000 0.97493732 0.02506268
24.20000000 0.00000000 0.97595143 0.02404857
24.30000000 0.00000000 0.97658648 0.02341352
24.40000000 0.00000000 0.97702923 0.02297077
24.50000000 0.00000000 0.97719078 0.02280922
24.60000000 0.00000000 0.97696138 0.02303862
24.70000000 0.00000000 0.97628346 0.02371654
24.80000000 0.00000000 0.97546094 0.02453906
24.90000000 0.00000000 0.97478610 0.02521390
25.00000000 0.00000000 0.97417302 0.02582698
25.10000000 0.00000000 0.97382951 0.02617049
25.20000000 0.00000000 0.97343257 0.02656743
25.30000000 0.00000000 0.97334733 0.02665267
25.40000000 0.00000000 0.97342912 0.02657088
25.50000000 0.00000000 0.97337852 0.02662148
25.60000000 0.00000000 0.97345296 0.02654704
25.70000000 0.00000000 0.97334728 0.02665272
25.80000000 0.00000000 0.97305929 0.02694071
25.90000000 0.00000000 0.97257911 0.02742089
26.00000000 0.00000000 0.97225814 0.02774186
26.10000000 0.00000000 0.97185592 0.02814408
26.20000000 0.00000000 0.97167791 0.02832209
26.30000000 0.00000000 0.97167115 0.02832885
26.40000000 0.00000000 0.97188455 0.02811545
26.50000000 0.00000000 0.97197228 0.02802772
26.60000000 0.00000000 0.97209799 0.02790201
26.70000000 0.00000000 0.97198368 0.02801632
26.80000000 0.00000000 0.97184799 0.02815201
26.90000000 0.00000000 0.97203880 0.02796120
27.00000000 0.00000000 0.97240086 0.02759914
27.10000000 0.00000000 0.97282773 0.02717227
27.20000000 0.00000000 0.97358273 0.02641727
27.30000000 0.00000000 0.97440299 0.02559701
27.40000000 0.00000000 0.97512132 0.02487868
27.50000000 0.00000000 0.97581861 0.02418139
27.60000000 0.00000000 0.97643945 0.02356055
27.70000000 0.00000000 0.97697151 0.02302849
27.80000000 0.00000000 0.97723556 0.02276444
27.90000000 0.00000000 0.97729531 0.02270469
28.00000000 0.00000000 0.97709001 0.02290999
28.10000000 0.00000000 0.97674116 0.02325884
28.20000000 0.00000000 0.97622868 0.02377132
28.30000000 0.00000000 0.97597062 0.02402938
28.40000000 0.00000000 0.97570473 0.02429527
28.50000000 0.00000000 0.97520048 0.02479952
28.60000000 0.00000000 0.97438338 0.02561662
28.70000000 0.00000000 0.97353458 0.02646542
28.80000000 0.00000000 0.97247455 0.02752545
28.90000000 0.00000000 0.97147777 0.02852223
29.00000000 0.00000000 0.97064059 0.02935941
29.10000000 0.00000000 0.97018898 0.02981102
29.20000000 0.00000000 0.96979057 0.03020943
29.30000000 0.00000000 0.96946142 0.03053858
29.40000000 0.00000000 0.96960048 0.03039952
29.50000000 0.00000000 0.97005141 0.02994859
29.60000000 0.00000000 0.97037556 0.02962444
29.70000000 0.00000000 0.97085467 0.02914533
29.80000000 0.00000000 0.97167665 0.02832335
29.90000000 0.00000000 0.97263948 0.02736052
30.00000000 0.00000000 0.97363682 0.02636318
30.10000000 0.00000000 0.97457351 0.02542649
30.20000000 0.00000000 0.97529179 0.02470821
30.30000000 0.00000000 0.97576890 0.02423110
30.40000000 0.00000000 0.97633679 0.02366321
30.50000000 0.00000000 0.97679646 0.02320354
30.60000000 0.00000000 0.97721079 0.02278921
30.70000000 0.00000000 0.97738922 0.02261078
30.80000000 0.00000000 0.97725128 0.02274872
30.90000000 0.00000000 0.97701480 0.02298520
31.00000000 0.00000000 0.97671192 0.02328808
31.10000000 0.00000000 0.97614156 0.02385844
31.20000000 0.00000000 0.97562164 0.02437836
31.30000000 0.00000000 0.97532819 0.02467181
31.40000000 0.00000000 0.97476394 0.02523606
31.50000000 0.00000000 0.97404255 0.02595745
31.60000000 0.00000000 0.97337675 0.02662325
31.70000000 0.00000000 0.97254880 0.02745120
31.80000000 0.00000000 0.97183308 0.02816692
31.90000000 0.00000000 0.97115358 0.02884642
32.00000000 0.00000000 0.97079915 0.02920085
32.10000000 0.00000000 0.97052458 0.02947542
32.20000000 0.00000000 0.97034614 0.02965386
32.30000000 0.00000000 0.97034509 0.02965491
32.40000000 0.00000000 0.97058204 0.02941796
32.50000000 0.00000000 0.97103942 0.02896058
32.60000000 0.00000000 0.97171532 0.02828468
32.70000000 0.00000000 0.97251264 0.02748736
32.80000000 0.00000000 0.97336203 0.02663797
32.90000000 0.00000000 0.97397614 0.02602386
33.00000000 0.00000000 0.97436010 0.02563990
33.10000000 0.00000000 0.97489277 0.02510723
33.20000000 0.00000000 0.97518196 0.02481804
33.30000000 0.00000000 0.97527940 0.02472060
33.40000000 0.00000000 0.97528185 0.02471815
33.50000000 0.00000000 0.97527418 0.02472582
33.60000000 0.00000000 0.97538559 0.02461441
33.70000000 0.00000000 0.97552318 0.02447682
33.80000000 0.00000000 0.97557319 0.02442681
33.90000000 0.00000000 0.97545921 0.02454079
34.00000000 0.00000000 0.97528628 0.02471372
34.10000000 0.00000000 0.97525642 0.02474358
34.20000000 0.00000000 0.97507649 0.02492351
34.30000000 0.00000000 0.97456065 0.02543935
34.40000000 0.00000000 0.97419348 0.02580652
34.50000000 0.00000000 0.97393724 0.02606276
34.60000000 0.00000000 0.97392780 0.02607220
34.70000000 0.00000000 0.97392809 0.02607191
34.80000000 0.00000000 0.97377363 0.02622637
34.90000000 0.00000000 0.97342607 0.02657393
35.00000000 0.00000000 0.97292484 0.02707516
35.10000000 0.00000000 0.97245039 0.02754961
35.20000000 0.00000000 0.97211728 0.02788272
35.30000000 0.00000000 0.97183695 0.02816305
35.40000000 0.00000000 0.97173255 0.02826745
35.50000000 0.00000000 0.97172627 0.02827373
35.60000000 0.00000000 0.97164294 0.02835706
35.70000000 0.00000000 0.97193375 0.02806625
35.80000000 0.00000000 0.97240365 0.02759635
35.90000000 0.00000000 0.97270802 0.02729198
36.00000000 0.00000000 0.97290608 0.02709392
36.10000000 0.00000000 0.97305117 0.02694883
36.20000000 0.00000000 0.97351398 0.02648602
36.30000000 0.00000000 0.97392319 0.02607681
36.40000000 0.00000000 0.97442749 0.02557251
36.50000000 0.00000000 0.97496470 0.02503530
36.60000000 0.00000000 0.97518526 0.02481474
36.70000000 0.00000000 0.97540976 0.02459024
36.80000000 0.00000000 0.97559493 0.02440507
36.90000000 0.00000000 0.97585954 0.02414046
37.00000000 0.00000000 0.97593514 0.02406486
37.10000000 0.00000000 0.97559576 0.02440424
37.20000000 0.00000000 0.97512795 0.02487205
37.30000000 0.00000000 0.97482195 0.02517805
37.40000000 0.00000000 0.97431996 0.02568004
37.50000000 0.00000000 0.97382032 0.02617968
37.60000000 0.00000000 0.97336521 0.02663479
37.70000000 0.00000000 0.97318316 0.02681684
37.80000000 0.00000000 0.97319863 0.02680137
37.90000000 0.00000000 0.97337829 0.02662171
38.00000000 0.00000000 0.97336780 0.02663220
38.10000000 0.00000000 0.97320325 0.02679675
38.20000000 0.00000000 0.97281028 0.02718972
38.30000000 0.00000000 0.97257699 0.02742301
38.40000000 0.00000000 0.97268879 0.02731121
38.50000000 0.00000000 0.97297513 0.02702487
38.60000000 0.00000000 0.97327420 0.02672580
38.70000000 0.00000000 0.97345349 0.02654651
38.80000000 0.00000000 0.97346429 0.02653571
38.90000000 0.00000000 0.97351789 0.02648211
39.00000000 0.00000000 0.97344189 0.02655811
39.10000000 0.00000000 0.97327401 0.02672599
39.20000000 0.00000000 0.97312146 0.02687854
39.30000000 0.00000000 0.97293951 0.02706049
39.40000000 0.00000000 0.97281941 0.02718059
39.50000000 0.00000000 0.97283505 0.02716495
39.60000000 0.00000000 0.97311356 0.02688644
39.70000000 0.00000000 0.97332388 0.02667612
39.80000000 0.00000000 0.97353385 0.02646615
39.90000000 0.00000000 0.97382930 0.02617070
40.00000000 0.00000000 0.97418097 0.02581903
40.10000000 0.00000000 0.97451248 0.02548752
40.20000000 0.00000000 0.97499370 0.02500630
40.30000000 0.00000000 0.97547260 0.02452740
40.40000000 0.00000000 0.97576295 0.02423705
40.50000000 0.00000000 0.97571773 0.02428227
40.60000000 0.00000000 0.97545769 0.02454231
40.70000000 0.00000000 0.97523340 0.02476660
40.80000000 0.00000000 0.97493504 0.02506496
40.90000000 0.00000000 0.97442331 0.02557669
41.00000000 0.00000000 0.97406513 0.02593487
41.10000000 0.00000000 0.97373309 0.02626691
41.20000000 0.00000000 0.97345903 0.02654097
41.30000000 0.00000000 0.97315715 0.02684285
41.40000000 0.00000000 0.97286744 0.02713256
41.50000000 0.00000000 0.97270737 0.02729263
41.60000000 0.00000000 0.97259246 0.02740754
41.70000000 0.00000000 0.97260238 0.02739762
41.80000000 0.00000000 0.97287144 0.02712856
41.90000000 0.00000000 0.97302522 0.02697478
42.00000000 0.00000000 0.97311284 0.02688716
42.10000000 0.00000000 0.97291512 0.02708488
42.20000000 0.00000000 0.97280959 0.02719041
42.30000000 0.00000000 0.97279878 0.02720122
42.40000000 0.00000000 0.97283266 0.02716734
42.50000000 0.00000000 0.97287056 0.02712944
42.60000000 0.00000000 0.97296930 0.02703070
42.70000000 0.00000000 0.97320703 0.02679297
42.80000000 0.00000000 0.97334175 0.02665825
42.90000000 0.00000000 0.97341088 0.02658912
43.00000000 0.00000000 0.97348763 0.02651237
43.10000000 0.00000000 0.97377170 0.02622830
43.20000000 0.00000000 0.97417645 0.02582355
43.30000000 0.00000000 0.97461490 0.02538510
43.40000000 0.00000000 0.97497793 0.02502207
43.50000000 0.00000000 0.97516391 0.02483609
43.60000000 0.00000000 0.97522046 0.02477954
43.70000000 0.00000000 0.97530949 0.02469051
43.80000000 0.00000000 0.97540816 0.02459184
43.90000000 0.00000000 0.97538887 0.02461113
44.00000000 0.00000000 0.97523246 0.02476754
44.10000000 0.00000000 0.97496598 0.02503402
44.20000000 0.00000000 0.97477785 0.02522215
44.30000000 0.00000000 0.97459668 0.02540332
44.40000000 0.00000000 0.97443460 0.02556540
44.50000000 0.00000000 0.97413732 0.02586268
44.60000000 0.00000000 0.97382334 0.02617666
44.70000000 0.00000000 0.97321325 0.02678675
44.80000000 0.00000000 0.97284635 0.02715365
44.90000000 0.00000000 0.97276501 0.02723499
45.00000000 0.00000000 0.97250822 0.02749178
45.10000000 0.00000000 0.97197779 0.02802221
45.20000000 0.00000000 0.97153811 0.02846189
45.30000000 0.00000000 0.97133942 0.02866058
45.40000000 0.00000000 0.97121691 0.02878309
45.50000000 0.00000000 0.97114805 0.02885195
45.60000000 0.00000000 0.97126290 0.02873710
45.70000000 0.00000000 0.97150131 0.02849869
45.80000000 0.00000000 0.97211087 0.02788913
45.90000000 0.00000000 0.97294102 0.02705898
46.00000000 0.00000000 0.97373832 0.02626168
46.10000000 0.00000000 0.97455225 0.02544775
46.20000000 0.00000000 0.97533872 0.02466128
46.30000000 0.00000000 0.97578323 0.02421677
46.40000000 0.00000000 0.97586609 0.02413391
46.50000000 0.00000000 0.97604134 0.02395866
46.60000000 0.00000000 0.97630437 0.02369563
46.70000000 0.00000000 0.97653371 0.02346629
46.80000000 0.00000000 0.97671430 0.02328570
46.90000000 0.00000000 0.97661261 0.02338739
47.00000000 0.00000000 0.97611183 0.02388817
47.10000000 0.00000000 0.97540173 0.02459827
47.20000000 0.00000000 0.97478142 0.02521858
47.30000000 0.00000000 0.97418101 0.02581899
47.40000000 0.00000000 0.97349822 0.02650178
47.50000000 0.00000000 0.97299450 0.02700550
47.60000000 0.00000000 0.97250054 0.02749946
47.70000000 0.00000000 0.97221512 0.02778488
47.80000000 0.00000000 0.97189111 0.02810889
47.90000000 0.00000000 0.97150203 0.02849797
48.00000000 0.00000000 0.97126125 0.02873875
48.10000000 0.00000000 0.97132961 0.02867039
48.20000000 0.00000000 0.97140852 0.02859148
48.30000000 0.00000000 0.97147721 0.02852279
48.40000000 0.00000000 0.97167959 0.02832041
48.50000000 0.00000000 0.97207444 0.02792556
48.60000000 0.00000000 0.97263942 0.02736058
48.70000000 0.00000000 0.97336058 0.02663942
48.80000000 0.00000000 0.97395791 0.02604209
48.90000000 0.00000000 0.97445894 0.02554106
49.00000000 0.00000000 0.97464690 0.02535310
49.10000000 0.00000000 0.97481038 0.02518962
49.20000000 0.00000000 0.97486087 0.02513913
49.30000000 0.00000000 0.97491346 0.02508654
49.40000000 0.00000000 0.97506042 0.02493958
49.50000000 0.00000000 0.97529312 0.02470688
49.60000000 0.00000000 0.97557641 0.02442359
49.70000000 0.00000000 0.97553137 0.02446863
49.80000000 0.00000000 0.97541691 0.02458309
49.90000000 0.00000000 0.97526744 0.02473256
50.00000000 0.00000000 0.97512974 0.02487026
